3.27200	0.42260	0.00424	0.00000	0.50000	0.50	1.000
3.25300	0.42340	0.02798	0.50000	0.50000	0.50	1.000
3.26100	0.42390	0.01414	1.00000	0.50000	0.50	1.000
3.04700	0.43840	1.06500	1.50000	0.50000	0.50	1.000
3.02600	0.44060	1.08700	2.00000	0.50000	0.50	1.000
3.01900	0.43990	1.09600	2.50000	0.50000	0.50	1.000
3.05300	0.43960	1.06800	3.00000	0.50000	0.50	1.000
3.77100	0.68860	0.92950	3.50000	0.50000	0.50	1.000
3.74800	0.66530	0.93400	4.00000	0.50000	0.50	1.000
3.77300	0.66940	0.92570	4.50000	0.50000	0.50	1.000
3.77100	0.67740	0.91440	5.00000	0.50000	0.50	1.000
3.77200	0.67970	0.92170	5.50000	0.50000	0.50	1.000
3.74800	0.66640	0.93090	6.00000	0.50000	0.50	1.000
3.74900	0.66450	0.93100	6.50000	0.50000	0.50	1.000
3.74900	0.66190	0.92460	7.00000	0.50000	0.50	1.000
3.76400	0.66320	0.90910	7.50000	0.50000	0.50	1.000
3.75400	0.66040	0.92360	8.00000	0.50000	0.50	1.000
3.75300	0.66510	0.92050	8.50000	0.50000	0.50	1.000
3.76200	0.66380	0.91700	9.00000	0.50000	0.50	1.000
3.76400	0.66460	0.91030	9.50000	0.50000	0.50	1.000
3.75600	0.66080	0.91410	10.00000	0.50000	0.50	1.000
3.26500	0.42830	0.00681	0.00000	1.00000	0.50	1.000
3.26800	0.42410	0.01174	0.50000	1.00000	0.50	1.000
3.25900	0.42610	0.02688	1.00000	1.00000	0.50	1.000
3.03900	0.44010	1.07900	1.50000	1.00000	0.50	1.000
3.02300	0.44350	1.08800	2.00000	1.00000	0.50	1.000
3.01800	0.44390	1.09300	2.50000	1.00000	0.50	1.000
3.05600	0.44940	1.06200	3.00000	1.00000	0.50	1.000
3.03600	0.45070	1.08700	3.50000	1.00000	0.50	1.000
3.75100	0.67170	0.93170	4.00000	1.00000	0.50	1.000
3.76400	0.66580	0.93420	4.50000	1.00000	0.50	1.000
3.78300	0.67970	0.91080	5.00000	1.00000	0.50	1.000
3.77200	0.67970	0.92170	5.50000	1.00000	0.50	1.000
3.74900	0.66450	0.93100	6.00000	1.00000	0.50	1.000
3.74500	0.66630	0.93200	6.50000	1.00000	0.50	1.000
3.75500	0.65700	0.92330	7.00000	1.00000	0.50	1.000
3.75100	0.66020	0.92540	7.50000	1.00000	0.50	1.000
3.75200	0.66430	0.92430	8.00000	1.00000	0.50	1.000
3.74900	0.66560	0.92510	8.50000	1.00000	0.50	1.000
3.75600	0.66080	0.92060	9.00000	1.00000	0.50	1.000
3.75600	0.66070	0.91910	9.50000	1.00000	0.50	1.000
3.75000	0.67020	0.91880	10.00000	1.00000	0.50	1.000
3.25400	0.41940	0.02477	0.00000	1.50000	0.50	1.000
3.04600	0.43800	1.07500	0.50000	1.50000	0.50	1.000
3.04200	0.43970	1.07400	1.00000	1.50000	0.50	1.000
3.04700	0.45260	1.07200	1.50000	1.50000	0.50	1.000
3.02400	0.44830	1.09000	2.00000	1.50000	0.50	1.000
3.04700	0.44980	1.07500	2.50000	1.50000	0.50	1.000
3.04300	0.45520	1.07800	3.00000	1.50000	0.50	1.000
3.03100	0.44980	1.09100	3.50000	1.50000	0.50	1.000
3.04500	0.44780	1.08700	4.00000	1.50000	0.50	1.000
3.04300	0.44840	1.08500	4.50000	1.50000	0.50	1.000
3.05200	0.45630	1.06800	5.00000	1.50000	0.50	1.000
3.74400	0.66340	0.92690	5.50000	1.50000	0.50	1.000
3.74400	0.66340	0.92690	6.00000	1.50000	0.50	1.000
3.74700	0.66070	0.92220	6.50000	1.50000	0.50	1.000
3.75600	0.66010	0.92680	7.00000	1.50000	0.50	1.000
3.75300	0.66390	0.92510	7.50000	1.50000	0.50	1.000
3.75200	0.66430	0.92430	8.00000	1.50000	0.50	1.000
3.75500	0.66220	0.92160	8.50000	1.50000	0.50	1.000
3.75400	0.66380	0.92230	9.00000	1.50000	0.50	1.000
3.75300	0.66360	0.91890	9.50000	1.50000	0.50	1.000
3.75400	0.66410	0.91670	10.00000	1.50000	0.50	1.000
3.05300	0.45600	1.06500	0.00000	2.00000	0.50	1.000
3.03500	0.44330	1.08200	0.50000	2.00000	0.50	1.000
3.05600	0.44860	1.06100	1.00000	2.00000	0.50	1.000
3.05000	0.44980	1.07000	1.50000	2.00000	0.50	1.000
3.04700	0.45340	1.06800	2.00000	2.00000	0.50	1.000
3.06400	0.44640	1.05300	2.50000	2.00000	0.50	1.000
3.05700	0.45110	1.06200	3.00000	2.00000	0.50	1.000
3.04600	0.45040	1.07600	3.50000	2.00000	0.50	1.000
3.03700	0.45600	1.08400	4.00000	2.00000	0.50	1.000
3.05200	0.45630	1.06800	4.50000	2.00000	0.50	1.000
3.04300	0.44840	1.08500	5.00000	2.00000	0.50	1.000
3.04800	0.45410	1.06400	5.50000	2.00000	0.50	1.000
3.74600	0.65600	0.92760	6.00000	2.00000	0.50	1.000
3.74600	0.65600	0.92760	6.50000	2.00000	0.50	1.000
3.75300	0.65860	0.92500	7.00000	2.00000	0.50	1.000
3.77300	0.67670	0.91680	7.50000	2.00000	0.50	1.000
3.75500	0.66800	0.91760	8.00000	2.00000	0.50	1.000
3.75100	0.67060	0.93030	8.50000	2.00000	0.50	1.000
3.75600	0.66450	0.92460	9.00000	2.00000	0.50	1.000
3.75900	0.66410	0.91820	9.50000	2.00000	0.50	1.000
3.75900	0.66410	0.91820	10.00000	2.00000	0.50	1.000
3.04400	0.45390	1.07800	0.00000	2.50000	0.50	1.000
3.05300	0.45600	1.06500	0.50000	2.50000	0.50	1.000
3.03800	0.46150	1.08400	1.00000	2.50000	0.50	1.000
3.04700	0.45710	1.07500	1.50000	2.50000	0.50	1.000
3.06300	0.44940	1.05100	2.00000	2.50000	0.50	1.000
3.06600	0.45150	1.05600	2.50000	2.50000	0.50	1.000
3.05300	0.44800	1.06600	3.00000	2.50000	0.50	1.000
3.04300	0.45120	1.07900	3.50000	2.50000	0.50	1.000
3.05600	0.45190	1.06300	4.00000	2.50000	0.50	1.000
3.03500	0.45480	1.09100	4.50000	2.50000	0.50	1.000
3.06000	0.45370	1.06800	5.00000	2.50000	0.50	1.000
3.10100	0.46020	1.04100	5.50000	2.50000	0.50	1.000
3.74600	0.65600	0.92760	6.00000	2.50000	0.50	1.000
3.76200	0.65500	0.91610	6.50000	2.50000	0.50	1.000
3.74400	0.66370	0.93140	7.00000	2.50000	0.50	1.000
3.75300	0.67460	0.93880	7.50000	2.50000	0.50	1.000
3.75200	0.66960	0.93400	8.00000	2.50000	0.50	1.000
3.75000	0.67060	0.94220	8.50000	2.50000	0.50	1.000
3.76300	0.66810	0.91380	9.00000	2.50000	0.50	1.000
3.75900	0.66410	0.91820	9.50000	2.50000	0.50	1.000
3.75900	0.66410	0.91820	10.00000	2.50000	0.50	1.000
3.05300	0.46200	1.06800	0.00000	3.00000	0.50	1.000
3.04400	0.46940	1.07600	0.50000	3.00000	0.50	1.000
3.05300	0.46940	1.06600	1.00000	3.00000	0.50	1.000
3.05500	0.46330	1.07000	1.50000	3.00000	0.50	1.000
3.04800	0.45950	1.07500	2.00000	3.00000	0.50	1.000
3.06500	0.45040	1.06300	2.50000	3.00000	0.50	1.000
3.04600	0.45050	1.07700	3.00000	3.00000	0.50	1.000
3.06200	0.45200	1.06600	3.50000	3.00000	0.50	1.000
3.06500	0.44880	1.06400	4.00000	3.00000	0.50	1.000
3.06100	0.45150	1.06400	4.50000	3.00000	0.50	1.000
3.05700	0.45560	1.07500	5.00000	3.00000	0.50	1.000
3.10200	0.45440	1.03700	5.50000	3.00000	0.50	1.000
3.75300	0.65800	0.92930	6.00000	3.00000	0.50	1.000
3.75300	0.65800	0.92930	6.50000	3.00000	0.50	1.000
3.75300	0.66140	0.92460	7.00000	3.00000	0.50	1.000
3.76200	0.66920	0.92260	7.50000	3.00000	0.50	1.000
3.75500	0.67330	0.92230	8.00000	3.00000	0.50	1.000
3.76300	0.67040	0.92230	8.50000	3.00000	0.50	1.000
3.77100	0.66160	0.91210	9.00000	3.00000	0.50	1.000
3.76300	0.66970	0.91640	9.50000	3.00000	0.50	1.000
3.76000	0.67270	0.92100	10.00000	3.00000	0.50	1.000
3.05700	0.48410	1.06500	0.00000	3.50000	0.50	1.000
3.05600	0.47770	1.07000	0.50000	3.50000	0.50	1.000
3.04700	0.47470	1.07200	1.00000	3.50000	0.50	1.000
3.03000	0.47120	1.09400	1.50000	3.50000	0.50	1.000
3.05300	0.46960	1.07600	2.00000	3.50000	0.50	1.000
3.05200	0.46300	1.06900	2.50000	3.50000	0.50	1.000
3.06000	0.46110	1.06200	3.00000	3.50000	0.50	1.000
3.07700	0.45530	1.05100	3.50000	3.50000	0.50	1.000
3.08100	0.45480	1.04900	4.00000	3.50000	0.50	1.000
3.07300	0.45420	1.05600	4.50000	3.50000	0.50	1.000
3.07700	0.45660	1.06000	5.00000	3.50000	0.50	1.000
3.07600	0.45390	1.05300	5.50000	3.50000	0.50	1.000
3.75300	0.65800	0.92930	6.00000	3.50000	0.50	1.000
3.75800	0.66640	0.92090	6.50000	3.50000	0.50	1.000
3.75000	0.67060	0.92970	7.00000	3.50000	0.50	1.000
3.77000	0.67730	0.91940	7.50000	3.50000	0.50	1.000
3.76400	0.66460	0.91110	8.00000	3.50000	0.50	1.000
3.76300	0.66970	0.91640	8.50000	3.50000	0.50	1.000
3.77100	0.66720	0.91070	9.00000	3.50000	0.50	1.000
3.75900	0.67550	0.92180	9.50000	3.50000	0.50	1.000
3.75900	0.67530	0.92300	10.00000	3.50000	0.50	1.000
4.70500	0.66330	0.70400	0.00000	4.00000	0.50	1.000
3.04200	0.47880	1.08100	0.50000	4.00000	0.50	1.000
3.06100	0.47340	1.06700	1.00000	4.00000	0.50	1.000
3.06400	0.47060	1.06800	1.50000	4.00000	0.50	1.000
3.06500	0.47400	1.06400	2.00000	4.00000	0.50	1.000
3.06800	0.46730	1.05900	2.50000	4.00000	0.50	1.000
3.05500	0.46490	1.06300	3.00000	4.00000	0.50	1.000
3.07400	0.45850	1.05400	3.50000	4.00000	0.50	1.000
3.05300	0.45980	1.07300	4.00000	4.00000	0.50	1.000
3.06500	0.45520	1.06600	4.50000	4.00000	0.50	1.000
3.05100	0.45420	1.07900	5.00000	4.00000	0.50	1.000
3.06000	0.45300	1.06700	5.50000	4.00000	0.50	1.000
3.75400	0.67000	0.93320	6.00000	4.00000	0.50	1.000
3.76500	0.66900	0.92290	6.50000	4.00000	0.50	1.000
3.75500	0.66630	0.93670	7.00000	4.00000	0.50	1.000
3.75300	0.66920	0.91900	7.50000	4.00000	0.50	1.000
3.76800	0.66680	0.91280	8.00000	4.00000	0.50	1.000
3.75100	0.67250	0.93090	8.50000	4.00000	0.50	1.000
3.76300	0.66970	0.91640	9.00000	4.00000	0.50	1.000
3.76300	0.66810	0.91340	9.50000	4.00000	0.50	1.000
3.77100	0.66570	0.91450	10.00000	4.00000	0.50	1.000
4.69400	0.65290	0.70700	0.00000	4.50000	0.50	1.000
4.69400	0.65290	0.70700	0.50000	4.50000	0.50	1.000
3.06100	0.47340	1.06700	1.00000	4.50000	0.50	1.000
4.72400	0.65220	0.67120	1.50000	4.50000	0.50	1.000
3.06700	0.47110	1.06400	2.00000	4.50000	0.50	1.000
3.06700	0.47110	1.06400	2.50000	4.50000	0.50	1.000
3.04600	0.46380	1.06900	3.00000	4.50000	0.50	1.000
3.05100	0.45410	1.07100	3.50000	4.50000	0.50	1.000
3.03200	0.44780	1.09300	4.00000	4.50000	0.50	1.000
3.04500	0.45000	1.07900	4.50000	4.50000	0.50	1.000
3.02200	0.45050	1.09200	5.00000	4.50000	0.50	1.000
3.04800	0.46490	1.07300	5.50000	4.50000	0.50	1.000
4.64800	0.67680	0.74910	6.00000	4.50000	0.50	1.000
3.75400	0.67000	0.93320	6.50000	4.50000	0.50	1.000
3.78300	0.66830	0.91090	7.00000	4.50000	0.50	1.000
3.77300	0.66780	0.90160	7.50000	4.50000	0.50	1.000
3.78100	0.66680	0.91450	8.00000	4.50000	0.50	1.000
3.77200	0.66610	0.90020	8.50000	4.50000	0.50	1.000
3.75600	0.66100	0.91670	9.00000	4.50000	0.50	1.000
3.76500	0.66670	0.90840	9.50000	4.50000	0.50	1.000
3.74700	0.67990	0.92370	10.00000	4.50000	0.50	1.000
4.72700	0.64600	0.68000	0.00000	5.00000	0.50	1.000
4.72400	0.65050	0.67140	0.50000	5.00000	0.50	1.000
4.72900	0.65610	0.67030	1.00000	5.00000	0.50	1.000
4.72400	0.65880	0.66950	1.50000	5.00000	0.50	1.000
4.70500	0.65180	0.69470	2.00000	5.00000	0.50	1.000
4.70000	0.65490	0.70420	2.50000	5.00000	0.50	1.000
3.04200	0.46360	1.08500	3.00000	5.00000	0.50	1.000
3.05100	0.45580	1.07400	3.50000	5.00000	0.50	1.000
3.04200	0.45500	1.07900	4.00000	5.00000	0.50	1.000
3.04700	0.45630	1.07600	4.50000	5.00000	0.50	1.000
3.05700	0.45790	1.06400	5.00000	5.00000	0.50	1.000
4.67500	0.66540	0.73530	5.50000	5.00000	0.50	1.000
4.66700	0.67910	0.74170	6.00000	5.00000	0.50	1.000
4.66700	0.67600	0.73890	6.50000	5.00000	0.50	1.000
3.78300	0.66830	0.91090	7.00000	5.00000	0.50	1.000
3.76700	0.66090	0.91160	7.50000	5.00000	0.50	1.000
3.76700	0.66550	0.90460	8.00000	5.00000	0.50	1.000
3.76400	0.66640	0.91280	8.50000	5.00000	0.50	1.000
3.77000	0.67180	0.90880	9.00000	5.00000	0.50	1.000
3.77400	0.67150	0.90620	9.50000	5.00000	0.50	1.000
3.77200	0.68020	0.92170	10.00000	5.00000	0.50	1.000
5.44600	0.66260	0.31090	0.00000	5.50000	0.50	1.000
4.72700	0.65290	0.66850	0.50000	5.50000	0.50	1.000
4.72700	0.65290	0.66850	1.00000	5.50000	0.50	1.000
4.71700	0.65390	0.67820	1.50000	5.50000	0.50	1.000
4.70800	0.65730	0.69580	2.00000	5.50000	0.50	1.000
4.70700	0.65930	0.69580	2.50000	5.50000	0.50	1.000
4.70300	0.65770	0.70870	3.00000	5.50000	0.50	1.000
4.68700	0.66340	0.71430	3.50000	5.50000	0.50	1.000
4.68400	0.66220	0.71890	4.00000	5.50000	0.50	1.000
4.68000	0.66060	0.72660	4.50000	5.50000	0.50	1.000
4.68500	0.67340	0.72000	5.00000	5.50000	0.50	1.000
4.68300	0.67650	0.72950	5.50000	5.50000	0.50	1.000
4.67800	0.67430	0.73490	6.00000	5.50000	0.50	1.000
4.66500	0.66800	0.73480	6.50000	5.50000	0.50	1.000
4.65800	0.67100	0.73450	7.00000	5.50000	0.50	1.000
4.64700	0.65430	0.74870	7.50000	5.50000	0.50	1.000
3.79800	0.66540	0.88320	8.00000	5.50000	0.50	1.000
3.78800	0.66970	0.89510	8.50000	5.50000	0.50	1.000
3.78200	0.66770	0.90190	9.00000	5.50000	0.50	1.000
3.79500	0.68850	0.89460	9.50000	5.50000	0.50	1.000
3.78000	0.69100	0.91370	10.00000	5.50000	0.50	1.000
5.42100	0.64140	0.32380	0.00000	6.00000	0.50	1.000
5.42700	0.65280	0.33550	0.50000	6.00000	0.50	1.000
4.72700	0.65290	0.66850	1.00000	6.00000	0.50	1.000
4.71500	0.65390	0.68050	1.50000	6.00000	0.50	1.000
4.70700	0.66480	0.69210	2.00000	6.00000	0.50	1.000
4.70300	0.66570	0.69790	2.50000	6.00000	0.50	1.000
4.69800	0.65980	0.70450	3.00000	6.00000	0.50	1.000
4.69700	0.65770	0.70260	3.50000	6.00000	0.50	1.000
4.68700	0.66340	0.71430	4.00000	6.00000	0.50	1.000
4.68000	0.66060	0.72660	4.50000	6.00000	0.50	1.000
4.67400	0.65380	0.72370	5.00000	6.00000	0.50	1.000
4.67800	0.67910	0.73320	5.50000	6.00000	0.50	1.000
4.66800	0.68000	0.74140	6.00000	6.00000	0.50	1.000
4.66100	0.66850	0.74880	6.50000	6.00000	0.50	1.000
4.64600	0.66730	0.75690	7.00000	6.00000	0.50	1.000
4.65000	0.67080	0.74900	7.50000	6.00000	0.50	1.000
4.64600	0.65680	0.74760	8.00000	6.00000	0.50	1.000
3.78600	0.67080	0.90770	8.50000	6.00000	0.50	1.000
3.79800	0.67980	0.89560	9.00000	6.00000	0.50	1.000
3.78400	0.68830	0.90500	9.50000	6.00000	0.50	1.000
3.76800	0.68940	0.92570	10.00000	6.00000	0.50	1.000
4.72300	0.64570	0.68250	0.00000	6.50000	0.50	1.000
5.42000	0.64660	0.34190	0.50000	6.50000	0.50	1.000
4.72500	0.64900	0.66900	1.00000	6.50000	0.50	1.000
4.70400	0.65960	0.69720	1.50000	6.50000	0.50	1.000
4.70400	0.65980	0.69520	2.00000	6.50000	0.50	1.000
4.70000	0.66570	0.70490	2.50000	6.50000	0.50	1.000
4.70000	0.66130	0.70630	3.00000	6.50000	0.50	1.000
4.69800	0.66410	0.70390	3.50000	6.50000	0.50	1.000
4.68300	0.66480	0.71780	4.00000	6.50000	0.50	1.000
4.68300	0.66980	0.71780	4.50000	6.50000	0.50	1.000
4.67300	0.66340	0.73350	5.00000	6.50000	0.50	1.000
4.67200	0.66930	0.73830	5.50000	6.50000	0.50	1.000
4.66700	0.67450	0.74680	6.00000	6.50000	0.50	1.000
4.65900	0.66830	0.74240	6.50000	6.50000	0.50	1.000
4.65700	0.67230	0.74060	7.00000	6.50000	0.50	1.000
4.65600	0.67320	0.73950	7.50000	6.50000	0.50	1.000
4.65100	0.66530	0.74290	8.00000	6.50000	0.50	1.000
4.63000	0.65580	0.76380	8.50000	6.50000	0.50	1.000
3.79300	0.68110	0.90110	9.00000	6.50000	0.50	1.000
3.78400	0.68900	0.91220	9.50000	6.50000	0.50	1.000
3.77000	0.70280	0.92510	10.00000	6.50000	0.50	1.000
4.71600	0.65240	0.68290	0.00000	7.00000	0.50	1.000
4.71600	0.65120	0.68150	0.50000	7.00000	0.50	1.000
4.71200	0.65000	0.68990	1.00000	7.00000	0.50	1.000
4.70300	0.65830	0.69700	1.50000	7.00000	0.50	1.000
4.70300	0.66480	0.70410	2.00000	7.00000	0.50	1.000
4.70100	0.66600	0.70380	2.50000	7.00000	0.50	1.000
4.68600	0.66420	0.71510	3.00000	7.00000	0.50	1.000
4.68600	0.67260	0.72280	3.50000	7.00000	0.50	1.000
4.68300	0.66830	0.72150	4.00000	7.00000	0.50	1.000
4.67600	0.66490	0.73050	4.50000	7.00000	0.50	1.000
4.66800	0.66320	0.73340	5.00000	7.00000	0.50	1.000
4.66700	0.66860	0.72750	5.50000	7.00000	0.50	1.000
4.66900	0.66760	0.73300	6.00000	7.00000	0.50	1.000
4.66000	0.67120	0.74530	6.50000	7.00000	0.50	1.000
4.65400	0.67200	0.74380	7.00000	7.00000	0.50	1.000
4.66000	0.67130	0.74640	7.50000	7.00000	0.50	1.000
4.64900	0.66920	0.74900	8.00000	7.00000	0.50	1.000
4.64000	0.67250	0.76230	8.50000	7.00000	0.50	1.000
4.63100	0.67460	0.76290	9.00000	7.00000	0.50	1.000
4.62400	0.66740	0.78040	9.50000	7.00000	0.50	1.000
3.78200	0.69070	0.92900	10.00000	7.00000	0.50	1.000
4.68900	0.65140	0.71420	0.00000	7.50000	0.50	1.000
4.70300	0.65960	0.69610	0.50000	7.50000	0.50	1.000
4.70200	0.65110	0.69860	1.00000	7.50000	0.50	1.000
4.68600	0.65440	0.71310	1.50000	7.50000	0.50	1.000
4.68800	0.66650	0.71440	2.00000	7.50000	0.50	1.000
4.68300	0.66530	0.71790	2.50000	7.50000	0.50	1.000
4.68900	0.66330	0.71150	3.00000	7.50000	0.50	1.000
4.67200	0.66440	0.73230	3.50000	7.50000	0.50	1.000
4.68300	0.66900	0.72560	4.00000	7.50000	0.50	1.000
4.68300	0.66350	0.72800	4.50000	7.50000	0.50	1.000
4.68500	0.67140	0.72730	5.00000	7.50000	0.50	1.000
4.66900	0.66250	0.73260	5.50000	7.50000	0.50	1.000
4.68600	0.67220	0.72440	6.00000	7.50000	0.50	1.000
4.67800	0.67030	0.73060	6.50000	7.50000	0.50	1.000
4.65900	0.66480	0.74960	7.00000	7.50000	0.50	1.000
4.65900	0.66390	0.75280	7.50000	7.50000	0.50	1.000
4.65400	0.67250	0.75840	8.00000	7.50000	0.50	1.000
4.64500	0.67710	0.76370	8.50000	7.50000	0.50	1.000
4.64000	0.67990	0.76920	9.00000	7.50000	0.50	1.000
4.64300	0.67520	0.76220	9.50000	7.50000	0.50	1.000
4.61700	0.67060	0.79280	10.00000	7.50000	0.50	1.000
4.61400	0.66890	0.79730	0.00000	8.00000	0.50	1.000
4.63500	0.66790	0.76950	0.50000	8.00000	0.50	1.000
4.70000	0.66010	0.69870	1.00000	8.00000	0.50	1.000
4.65900	0.66360	0.75050	1.50000	8.00000	0.50	1.000
4.69700	0.65990	0.70490	2.00000	8.00000	0.50	1.000
4.68800	0.66650	0.71440	2.50000	8.00000	0.50	1.000
4.66100	0.65900	0.75760	3.00000	8.00000	0.50	1.000
4.65900	0.65840	0.76090	3.50000	8.00000	0.50	1.000
4.65500	0.66890	0.75300	4.00000	8.00000	0.50	1.000
4.65800	0.66560	0.74820	4.50000	8.00000	0.50	1.000
4.65700	0.66660	0.74410	5.00000	8.00000	0.50	1.000
4.66700	0.66290	0.74430	5.50000	8.00000	0.50	1.000
4.66700	0.66220	0.74320	6.00000	8.00000	0.50	1.000
4.67800	0.66180	0.72030	6.50000	8.00000	0.50	1.000
4.67500	0.66620	0.73130	7.00000	8.00000	0.50	1.000
4.66400	0.67280	0.74630	7.50000	8.00000	0.50	1.000
4.66100	0.66830	0.75230	8.00000	8.00000	0.50	1.000
4.65200	0.66540	0.75760	8.50000	8.00000	0.50	1.000
4.64500	0.67750	0.76530	9.00000	8.00000	0.50	1.000
4.62600	0.67630	0.78780	9.50000	8.00000	0.50	1.000
4.62400	0.68390	0.79330	10.00000	8.00000	0.50	1.000
4.58900	0.67650	0.83260	0.00000	8.50000	0.50	1.000
4.58400	0.67940	0.83150	0.50000	8.50000	0.50	1.000
4.60000	0.68250	0.81410	1.00000	8.50000	0.50	1.000
4.65900	0.66360	0.75050	1.50000	8.50000	0.50	1.000
4.61100	0.67300	0.80140	2.00000	8.50000	0.50	1.000
4.64700	0.66980	0.76730	2.50000	8.50000	0.50	1.000
4.61900	0.67000	0.79420	3.00000	8.50000	0.50	1.000
4.62300	0.66920	0.78970	3.50000	8.50000	0.50	1.000
4.65300	0.67200	0.75960	4.00000	8.50000	0.50	1.000
4.65300	0.67070	0.75670	4.50000	8.50000	0.50	1.000
4.64600	0.67240	0.76030	5.00000	8.50000	0.50	1.000
4.63800	0.67350	0.76980	5.50000	8.50000	0.50	1.000
4.65900	0.66640	0.74570	6.00000	8.50000	0.50	1.000
4.67000	0.66540	0.73880	6.50000	8.50000	0.50	1.000
4.68000	0.66120	0.71770	7.00000	8.50000	0.50	1.000
4.67700	0.66180	0.72170	7.50000	8.50000	0.50	1.000
4.65700	0.66460	0.75050	8.00000	8.50000	0.50	1.000
4.66500	0.66950	0.74470	8.50000	8.50000	0.50	1.000
4.64500	0.66830	0.76530	9.00000	8.50000	0.50	1.000
4.62800	0.67650	0.78760	9.50000	8.50000	0.50	1.000
4.61400	0.68800	0.80920	10.00000	8.50000	0.50	1.000
4.57100	0.67220	0.85580	0.00000	9.00000	0.50	1.000
4.54800	0.66940	0.86990	0.50000	9.00000	0.50	1.000
4.55500	0.67720	0.86950	1.00000	9.00000	0.50	1.000
4.57200	0.68120	0.84380	1.50000	9.00000	0.50	1.000
4.60600	0.66950	0.82060	2.00000	9.00000	0.50	1.000
4.59900	0.67890	0.82140	2.50000	9.00000	0.50	1.000
4.59500	0.67530	0.82570	3.00000	9.00000	0.50	1.000
4.62400	0.67110	0.79390	3.50000	9.00000	0.50	1.000
4.61500	0.67310	0.80050	4.00000	9.00000	0.50	1.000
4.63600	0.67110	0.77200	4.50000	9.00000	0.50	1.000
4.62800	0.67460	0.77940	5.00000	9.00000	0.50	1.000
4.63400	0.67050	0.77780	5.50000	9.00000	0.50	1.000
4.64700	0.66710	0.75670	6.00000	9.00000	0.50	1.000
4.64600	0.67100	0.74980	6.50000	9.00000	0.50	1.000
4.66000	0.66670	0.73750	7.00000	9.00000	0.50	1.000
4.65100	0.66410	0.73990	7.50000	9.00000	0.50	1.000
4.64100	0.66800	0.76300	8.00000	9.00000	0.50	1.000
4.63300	0.66560	0.77970	8.50000	9.00000	0.50	1.000
4.61300	0.66470	0.80200	9.00000	9.00000	0.50	1.000
4.60600	0.67400	0.81280	9.50000	9.00000	0.50	1.000
4.59600	0.68280	0.82960	10.00000	9.00000	0.50	1.000
4.57500	0.68050	0.85630	0.00000	9.50000	0.50	1.000
4.54700	0.67730	0.87170	0.50000	9.50000	0.50	1.000
4.54800	0.67750	0.86950	1.00000	9.50000	0.50	1.000
4.58700	0.67740	0.83310	1.50000	9.50000	0.50	1.000
4.60400	0.67590	0.81300	2.00000	9.50000	0.50	1.000
4.59200	0.67180	0.83210	2.50000	9.50000	0.50	1.000
4.58700	0.67840	0.82850	3.00000	9.50000	0.50	1.000
4.59900	0.67400	0.81640	3.50000	9.50000	0.50	1.000
4.62400	0.67100	0.79370	4.00000	9.50000	0.50	1.000
4.62600	0.67170	0.78920	4.50000	9.50000	0.50	1.000
4.62700	0.67340	0.78770	5.00000	9.50000	0.50	1.000
4.64500	0.68070	0.77380	5.50000	9.50000	0.50	1.000
4.63400	0.67950	0.77390	6.00000	9.50000	0.50	1.000
4.63200	0.67360	0.77190	6.50000	9.50000	0.50	1.000
4.63800	0.68240	0.77140	7.00000	9.50000	0.50	1.000
4.62300	0.66550	0.79220	7.50000	9.50000	0.50	1.000
4.60500	0.67070	0.80440	8.00000	9.50000	0.50	1.000
4.60800	0.67270	0.80510	8.50000	9.50000	0.50	1.000
4.58500	0.67120	0.83330	9.00000	9.50000	0.50	1.000
4.58000	0.67760	0.84500	9.50000	9.50000	0.50	1.000
4.55800	0.68530	0.86390	10.00000	9.50000	0.50	1.000
4.60500	0.67430	0.81580	0.00000	10.00000	0.50	1.000
4.58100	0.67030	0.82890	0.50000	10.00000	0.50	1.000
4.58100	0.67010	0.82640	1.00000	10.00000	0.50	1.000
4.58500	0.67030	0.82450	1.50000	10.00000	0.50	1.000
4.59000	0.67030	0.83700	2.00000	10.00000	0.50	1.000
4.60800	0.66830	0.80930	2.50000	10.00000	0.50	1.000
4.60000	0.66870	0.82660	3.00000	10.00000	0.50	1.000
4.62000	0.66670	0.81120	3.50000	10.00000	0.50	1.000
4.60200	0.67610	0.81890	4.00000	10.00000	0.50	1.000
4.62400	0.67270	0.79060	4.50000	10.00000	0.50	1.000
4.62400	0.67460	0.79130	5.00000	10.00000	0.50	1.000
4.63100	0.66990	0.78120	5.50000	10.00000	0.50	1.000
4.62100	0.66770	0.80010	6.00000	10.00000	0.50	1.000
4.62600	0.67180	0.79350	6.50000	10.00000	0.50	1.000
4.61700	0.66880	0.80010	7.00000	10.00000	0.50	1.000
4.60500	0.66730	0.81290	7.50000	10.00000	0.50	1.000
4.58900	0.66920	0.82180	8.00000	10.00000	0.50	1.000
4.58500	0.67120	0.83330	8.50000	10.00000	0.50	1.000
4.56600	0.67530	0.86410	9.00000	10.00000	0.50	1.000
4.56000	0.67380	0.87030	9.50000	10.00000	0.50	1.000
4.55600	0.67950	0.87060	10.00000	10.00000	0.50	1.000
4.59200	0.66150	0.82470	0.00000	10.50000	0.50	1.000
4.58400	0.66600	0.82250	0.50000	10.50000	0.50	1.000
4.57800	0.66420	0.83920	1.00000	10.50000	0.50	1.000
4.59100	0.67130	0.81850	1.50000	10.50000	0.50	1.000
4.58300	0.67370	0.83700	2.00000	10.50000	0.50	1.000
4.58800	0.66750	0.82550	2.50000	10.50000	0.50	1.000
4.61700	0.66710	0.79760	3.00000	10.50000	0.50	1.000
4.61000	0.65740	0.79920	3.50000	10.50000	0.50	1.000
4.63100	0.66280	0.78960	4.00000	10.50000	0.50	1.000
4.62400	0.67270	0.79060	4.50000	10.50000	0.50	1.000
4.64200	0.66990	0.77070	5.00000	10.50000	0.50	1.000
4.64900	0.67440	0.76870	5.50000	10.50000	0.50	1.000
4.63100	0.66990	0.78120	6.00000	10.50000	0.50	1.000
4.61200	0.66090	0.80160	6.50000	10.50000	0.50	1.000
4.62000	0.66950	0.79840	7.00000	10.50000	0.50	1.000
4.59900	0.67440	0.82050	7.50000	10.50000	0.50	1.000
4.57100	0.67870	0.85160	8.00000	10.50000	0.50	1.000
4.55600	0.68160	0.87530	8.50000	10.50000	0.50	1.000
4.56400	0.67700	0.86290	9.00000	10.50000	0.50	1.000
4.55500	0.67990	0.87090	9.50000	10.50000	0.50	1.000
4.54000	0.67520	0.88450	10.00000	10.50000	0.50	1.000
4.59400	0.66380	0.81970	0.00000	11.00000	0.50	1.000
4.60500	0.66450	0.81750	0.50000	11.00000	0.50	1.000
4.58600	0.66330	0.82470	1.00000	11.00000	0.50	1.000
4.61000	0.67120	0.81150	1.50000	11.00000	0.50	1.000
4.62700	0.65740	0.78830	2.00000	11.00000	0.50	1.000
4.62700	0.65740	0.78830	2.50000	11.00000	0.50	1.000
4.64700	0.65340	0.76200	3.00000	11.00000	0.50	1.000
4.64200	0.65490	0.76340	3.50000	11.00000	0.50	1.000
4.66600	0.66590	0.75270	4.00000	11.00000	0.50	1.000
4.67200	0.65930	0.72570	4.50000	11.00000	0.50	1.000
4.67300	0.66260	0.73760	5.00000	11.00000	0.50	1.000
4.66700	0.66030	0.74890	5.50000	11.00000	0.50	1.000
4.65000	0.66440	0.76150	6.00000	11.00000	0.50	1.000
4.64400	0.66580	0.77570	6.50000	11.00000	0.50	1.000
4.62500	0.66500	0.79310	7.00000	11.00000	0.50	1.000
4.61000	0.67350	0.81920	7.50000	11.00000	0.50	1.000
4.57900	0.67830	0.84920	8.00000	11.00000	0.50	1.000
4.55800	0.68250	0.87940	8.50000	11.00000	0.50	1.000
4.55600	0.68160	0.87530	9.00000	11.00000	0.50	1.000
4.50900	0.67390	0.92690	9.50000	11.00000	0.50	1.000
4.53700	0.68330	0.90060	10.00000	11.00000	0.50	1.000
4.62100	0.66790	0.79380	0.00000	11.50000	0.50	1.000
4.61000	0.65940	0.79500	0.50000	11.50000	0.50	1.000
4.64900	0.65910	0.77470	1.00000	11.50000	0.50	1.000
4.63300	0.66090	0.77620	1.50000	11.50000	0.50	1.000
4.65800	0.64850	0.74490	2.00000	11.50000	0.50	1.000
4.64800	0.65530	0.75160	2.50000	11.50000	0.50	1.000
4.65900	0.65780	0.74470	3.00000	11.50000	0.50	1.000
4.65300	0.65900	0.74820	3.50000	11.50000	0.50	1.000
4.66000	0.66240	0.73650	4.00000	11.50000	0.50	1.000
4.66700	0.66030	0.73680	4.50000	11.50000	0.50	1.000
4.66100	0.65920	0.73810	5.00000	11.50000	0.50	1.000
4.66000	0.65710	0.75150	5.50000	11.50000	0.50	1.000
4.66500	0.65980	0.74920	6.00000	11.50000	0.50	1.000
4.64500	0.66230	0.76250	6.50000	11.50000	0.50	1.000
4.61900	0.65890	0.79450	7.00000	11.50000	0.50	1.000
4.59600	0.66480	0.82670	7.50000	11.50000	0.50	1.000
4.55200	0.66450	0.86850	8.00000	11.50000	0.50	1.000
4.51700	0.66820	0.90740	8.50000	11.50000	0.50	1.000
4.48900	0.68280	0.93960	9.00000	11.50000	0.50	1.000
4.49100	0.68570	0.93950	9.50000	11.50000	0.50	1.000
4.49900	0.67850	0.94170	10.00000	11.50000	0.50	1.000
4.67000	0.65470	0.73260	0.00000	12.00000	0.50	1.000
4.67000	0.65470	0.73260	0.50000	12.00000	0.50	1.000
4.66900	0.64630	0.73090	1.00000	12.00000	0.50	1.000
4.66600	0.65630	0.72960	1.50000	12.00000	0.50	1.000
4.66000	0.65030	0.73550	2.00000	12.00000	0.50	1.000
4.65700	0.65700	0.74080	2.50000	12.00000	0.50	1.000
4.65300	0.65710	0.74500	3.00000	12.00000	0.50	1.000
4.67700	0.65310	0.72070	3.50000	12.00000	0.50	1.000
4.65500	0.65690	0.74300	4.00000	12.00000	0.50	1.000
4.68100	0.65550	0.72870	4.50000	12.00000	0.50	1.000
4.67300	0.65660	0.72520	5.00000	12.00000	0.50	1.000
4.66900	0.65940	0.72820	5.50000	12.00000	0.50	1.000
4.66900	0.65950	0.73670	6.00000	12.00000	0.50	1.000
4.65900	0.66140	0.75420	6.50000	12.00000	0.50	1.000
4.63300	0.66030	0.78670	7.00000	12.00000	0.50	1.000
4.60400	0.66410	0.81740	7.50000	12.00000	0.50	1.000
4.55300	0.66490	0.86350	8.00000	12.00000	0.50	1.000
4.53500	0.67980	0.89920	8.50000	12.00000	0.50	1.000
4.51700	0.66820	0.90740	9.00000	12.00000	0.50	1.000
4.49300	0.68340	0.93970	9.50000	12.00000	0.50	1.000
4.49400	0.67070	0.93250	10.00000	12.00000	0.50	1.000
4.69300	0.65010	0.70970	0.00000	12.50000	0.50	1.000
4.69300	0.64930	0.70990	0.50000	12.50000	0.50	1.000
4.69500	0.65520	0.70350	1.00000	12.50000	0.50	1.000
4.68300	0.65080	0.71660	1.50000	12.50000	0.50	1.000
4.67300	0.65230	0.72290	2.00000	12.50000	0.50	1.000
4.66500	0.65650	0.72850	2.50000	12.50000	0.50	1.000
4.67600	0.65150	0.72000	3.00000	12.50000	0.50	1.000
4.67700	0.65250	0.72230	3.50000	12.50000	0.50	1.000
4.67800	0.65410	0.72160	4.00000	12.50000	0.50	1.000
4.68100	0.65200	0.71750	4.50000	12.50000	0.50	1.000
4.67700	0.65570	0.72600	5.00000	12.50000	0.50	1.000
4.67300	0.65900	0.73230	5.50000	12.50000	0.50	1.000
4.66400	0.65730	0.73750	6.00000	12.50000	0.50	1.000
4.66100	0.66090	0.74970	6.50000	12.50000	0.50	1.000
4.65200	0.65930	0.75990	7.00000	12.50000	0.50	1.000
4.64000	0.67180	0.78080	7.50000	12.50000	0.50	1.000
4.61900	0.65900	0.80610	8.00000	12.50000	0.50	1.000
4.55300	0.67010	0.88130	8.50000	12.50000	0.50	1.000
4.55300	0.64950	0.86360	9.00000	12.50000	0.50	1.000
4.54700	0.65410	0.86850	9.50000	12.50000	0.50	1.000
4.55500	0.64990	0.85320	10.00000	12.50000	0.50	1.000
4.69300	0.65330	0.70290	0.00000	13.00000	0.50	1.000
4.68300	0.65080	0.71660	0.50000	13.00000	0.50	1.000
4.66900	0.65570	0.72550	1.00000	13.00000	0.50	1.000
4.68400	0.65320	0.71480	1.50000	13.00000	0.50	1.000
4.68400	0.65320	0.71480	2.00000	13.00000	0.50	1.000
4.69100	0.65090	0.71100	2.50000	13.00000	0.50	1.000
4.68500	0.65040	0.71420	3.00000	13.00000	0.50	1.000
4.68600	0.65020	0.71740	3.50000	13.00000	0.50	1.000
4.68500	0.64990	0.71470	4.00000	13.00000	0.50	1.000
4.68700	0.65170	0.71350	4.50000	13.00000	0.50	1.000
4.66900	0.65640	0.72660	5.00000	13.00000	0.50	1.000
4.69400	0.65130	0.70670	5.50000	13.00000	0.50	1.000
4.67800	0.65710	0.73130	6.00000	13.00000	0.50	1.000
4.67100	0.65470	0.73930	6.50000	13.00000	0.50	1.000
4.65900	0.66060	0.74630	7.00000	13.00000	0.50	1.000
4.65100	0.65490	0.76580	7.50000	13.00000	0.50	1.000
4.62900	0.65600	0.78540	8.00000	13.00000	0.50	1.000
4.61100	0.65630	0.81050	8.50000	13.00000	0.50	1.000
4.56500	0.64740	0.84660	9.00000	13.00000	0.50	1.000
4.54500	0.65390	0.86340	9.50000	13.00000	0.50	1.000
4.56200	0.65920	0.85830	10.00000	13.00000	0.50	1.000
4.67500	0.65120	0.72190	0.00000	13.50000	0.50	1.000
4.69300	0.64960	0.71070	0.50000	13.50000	0.50	1.000
4.66800	0.65650	0.72690	1.00000	13.50000	0.50	1.000
4.68300	0.65070	0.71220	1.50000	13.50000	0.50	1.000
4.67300	0.65710	0.72200	2.00000	13.50000	0.50	1.000
4.68300	0.65680	0.71850	2.50000	13.50000	0.50	1.000
4.68900	0.65110	0.71130	3.00000	13.50000	0.50	1.000
4.68000	0.65340	0.71700	3.50000	13.50000	0.50	1.000
4.69500	0.65150	0.70890	4.00000	13.50000	0.50	1.000
4.69300	0.65210	0.70460	4.50000	13.50000	0.50	1.000
4.69300	0.65160	0.70960	5.00000	13.50000	0.50	1.000
4.68800	0.65330	0.71200	5.50000	13.50000	0.50	1.000
4.67600	0.65360	0.72380	6.00000	13.50000	0.50	1.000
4.67500	0.65300	0.72610	6.50000	13.50000	0.50	1.000
4.66700	0.66090	0.74230	7.00000	13.50000	0.50	1.000
4.64400	0.65450	0.76210	7.50000	13.50000	0.50	1.000
4.65500	0.65650	0.75600	8.00000	13.50000	0.50	1.000
4.65000	0.65560	0.77540	8.50000	13.50000	0.50	1.000
4.61100	0.65630	0.81050	9.00000	13.50000	0.50	1.000
4.59200	0.65620	0.82560	9.50000	13.50000	0.50	1.000
4.59200	0.65620	0.82560	10.00000	13.50000	0.50	1.000
4.69300	0.65370	0.70430	0.00000	14.00000	0.50	1.000
4.67800	0.65260	0.71850	0.50000	14.00000	0.50	1.000
4.68000	0.65780	0.71300	1.00000	14.00000	0.50	1.000
4.67200	0.65690	0.72350	1.50000	14.00000	0.50	1.000
4.65300	0.64940	0.74770	2.00000	14.00000	0.50	1.000
4.66600	0.65680	0.72950	2.50000	14.00000	0.50	1.000
4.66600	0.65920	0.73150	3.00000	14.00000	0.50	1.000
4.68400	0.65300	0.71470	3.50000	14.00000	0.50	1.000
4.69300	0.65120	0.70760	4.00000	14.00000	0.50	1.000
4.69300	0.65160	0.70660	4.50000	14.00000	0.50	1.000
4.68800	0.64900	0.71350	5.00000	14.00000	0.50	1.000
4.68100	0.65290	0.71610	5.50000	14.00000	0.50	1.000
4.69100	0.65050	0.71150	6.00000	14.00000	0.50	1.000
4.67700	0.64860	0.72840	6.50000	14.00000	0.50	1.000
4.65400	0.65290	0.75140	7.00000	14.00000	0.50	1.000
4.66500	0.65180	0.74960	7.50000	14.00000	0.50	1.000
4.66200	0.65860	0.75470	8.00000	14.00000	0.50	1.000
4.63100	0.64940	0.78400	8.50000	14.00000	0.50	1.000
4.64200	0.65420	0.77770	9.00000	14.00000	0.50	1.000
5.04500	0.67270	0.27080	9.50000	14.00000	0.50	1.000
5.06900	0.67570	0.23780	10.00000	14.00000	0.50	1.000
4.69100	0.64990	0.70610	0.00000	14.50000	0.50	1.000
4.68800	0.64870	0.70640	0.50000	14.50000	0.50	1.000
4.68900	0.65130	0.71550	1.00000	14.50000	0.50	1.000
4.68700	0.65190	0.71260	1.50000	14.50000	0.50	1.000
4.68700	0.65190	0.71260	2.00000	14.50000	0.50	1.000
4.67000	0.65590	0.72850	2.50000	14.50000	0.50	1.000
4.67100	0.65400	0.72380	3.00000	14.50000	0.50	1.000
4.68200	0.65390	0.71680	3.50000	14.50000	0.50	1.000
4.69200	0.65400	0.70500	4.00000	14.50000	0.50	1.000
4.68400	0.65270	0.71190	4.50000	14.50000	0.50	1.000
4.66500	0.65600	0.73090	5.00000	14.50000	0.50	1.000
4.67000	0.65800	0.73080	5.50000	14.50000	0.50	1.000
4.67300	0.65680	0.72550	6.00000	14.50000	0.50	1.000
4.66200	0.65320	0.74110	6.50000	14.50000	0.50	1.000
4.66900	0.65320	0.73320	7.00000	14.50000	0.50	1.000
4.64300	0.64710	0.76350	7.50000	14.50000	0.50	1.000
4.64900	0.65140	0.76180	8.00000	14.50000	0.50	1.000
4.62800	0.66490	0.77940	8.50000	14.50000	0.50	1.000
5.04000	0.65960	0.26370	9.00000	14.50000	0.50	1.000
5.05000	0.67350	0.25500	9.50000	14.50000	0.50	1.000
5.05800	0.67510	0.24720	10.00000	14.50000	0.50	1.000
4.69100	0.64990	0.70610	0.00000	15.00000	0.50	1.000
4.69100	0.64990	0.70610	0.50000	15.00000	0.50	1.000
4.69300	0.65300	0.70280	1.00000	15.00000	0.50	1.000
4.68600	0.64990	0.71860	1.50000	15.00000	0.50	1.000
4.69700	0.65200	0.70070	2.00000	15.00000	0.50	1.000
4.70100	0.65040	0.69570	2.50000	15.00000	0.50	1.000
4.69200	0.65010	0.70420	3.00000	15.00000	0.50	1.000
4.68600	0.65170	0.71200	3.50000	15.00000	0.50	1.000
4.69300	0.65270	0.70380	4.00000	15.00000	0.50	1.000
4.69000	0.65060	0.70700	4.50000	15.00000	0.50	1.000
4.67300	0.65590	0.72650	5.00000	15.00000	0.50	1.000
4.66500	0.65300	0.73800	5.50000	15.00000	0.50	1.000
4.67700	0.65320	0.72300	6.00000	15.00000	0.50	1.000
4.67400	0.65100	0.72820	6.50000	15.00000	0.50	1.000
4.66300	0.65290	0.74040	7.00000	15.00000	0.50	1.000
4.66400	0.65560	0.73620	7.50000	15.00000	0.50	1.000
4.64400	0.65120	0.76240	8.00000	15.00000	0.50	1.000
4.67200	0.65320	0.74150	8.50000	15.00000	0.50	1.000
5.04800	0.67310	0.26550	9.00000	15.00000	0.50	1.000
5.06700	0.67320	0.24170	9.50000	15.00000	0.50	1.000
5.07000	0.67580	0.24140	10.00000	15.00000	0.50	1.000
4.68600	0.64840	0.71100	0.00000	15.50000	0.50	1.000
4.68900	0.65240	0.71030	0.50000	15.50000	0.50	1.000
4.69500	0.64980	0.71000	1.00000	15.50000	0.50	1.000
4.68700	0.65360	0.71130	1.50000	15.50000	0.50	1.000
4.69400	0.64920	0.71510	2.00000	15.50000	0.50	1.000
4.68900	0.64940	0.71330	2.50000	15.50000	0.50	1.000
4.69100	0.65110	0.70820	3.00000	15.50000	0.50	1.000
4.69100	0.65480	0.70710	3.50000	15.50000	0.50	1.000
4.69100	0.65420	0.70550	4.00000	15.50000	0.50	1.000
4.69400	0.65030	0.70880	4.50000	15.50000	0.50	1.000
4.68900	0.65280	0.71450	5.00000	15.50000	0.50	1.000
4.68100	0.65340	0.71750	5.50000	15.50000	0.50	1.000
4.69100	0.65310	0.71340	6.00000	15.50000	0.50	1.000
4.68100	0.65760	0.72470	6.50000	15.50000	0.50	1.000
4.69200	0.65100	0.71660	7.00000	15.50000	0.50	1.000
4.67700	0.65340	0.72330	7.50000	15.50000	0.50	1.000
4.66700	0.65320	0.73510	8.00000	15.50000	0.50	1.000
5.04500	0.66740	0.27240	8.50000	15.50000	0.50	1.000
5.05200	0.67310	0.25720	9.00000	15.50000	0.50	1.000
5.04900	0.67100	0.26870	9.50000	15.50000	0.50	1.000
5.04200	0.67330	0.27160	10.00000	15.50000	0.50	1.000
4.69900	0.65270	0.69250	0.00000	16.00000	0.50	1.000
4.69500	0.64980	0.71000	0.50000	16.00000	0.50	1.000
4.68100	0.65410	0.71800	1.00000	16.00000	0.50	1.000
4.69000	0.65410	0.71570	1.50000	16.00000	0.50	1.000
4.68900	0.65310	0.71860	2.00000	16.00000	0.50	1.000
4.68500	0.65400	0.71260	2.50000	16.00000	0.50	1.000
4.69100	0.65110	0.70820	3.00000	16.00000	0.50	1.000
4.69300	0.65420	0.70440	3.50000	16.00000	0.50	1.000
4.69800	0.65210	0.70450	4.00000	16.00000	0.50	1.000
4.69400	0.65250	0.71040	4.50000	16.00000	0.50	1.000
4.70100	0.65470	0.69310	5.00000	16.00000	0.50	1.000
4.69600	0.65520	0.70640	5.50000	16.00000	0.50	1.000
4.68100	0.65340	0.71750	6.00000	16.00000	0.50	1.000
4.68100	0.65350	0.71770	6.50000	16.00000	0.50	1.000
4.68100	0.65350	0.71770	7.00000	16.00000	0.50	1.000
4.68100	0.65350	0.71770	7.50000	16.00000	0.50	1.000
5.16900	0.64050	0.17840	8.00000	16.00000	0.50	1.000
5.10000	0.63640	0.22730	8.50000	16.00000	0.50	1.000
5.06100	0.65310	0.26300	9.00000	16.00000	0.50	1.000
5.03500	0.67370	0.28010	9.50000	16.00000	0.50	1.000
5.04900	0.67680	0.25980	10.00000	16.00000	0.50	1.000
4.67000	0.65400	0.72370	0.00000	16.50000	0.50	1.000
4.64400	0.65220	0.75730	0.50000	16.50000	0.50	1.000
4.64400	0.65220	0.75730	1.00000	16.50000	0.50	1.000
4.68100	0.65410	0.71800	1.50000	16.50000	0.50	1.000
4.67800	0.65660	0.72130	2.00000	16.50000	0.50	1.000
4.68800	0.65710	0.71880	2.50000	16.50000	0.50	1.000
4.69100	0.65400	0.71580	3.00000	16.50000	0.50	1.000
4.69600	0.65670	0.70640	3.50000	16.50000	0.50	1.000
4.69300	0.65690	0.69780	4.00000	16.50000	0.50	1.000
4.70300	0.65390	0.69210	4.50000	16.50000	0.50	1.000
4.70500	0.64970	0.70160	5.00000	16.50000	0.50	1.000
4.70300	0.65870	0.70150	5.50000	16.50000	0.50	1.000
4.69000	0.65440	0.70980	6.00000	16.50000	0.50	1.000
4.70100	0.65460	0.69370	6.50000	16.50000	0.50	1.000
4.69300	0.65400	0.70370	7.00000	16.50000	0.50	1.000
5.16800	0.64910	0.15250	7.50000	16.50000	0.50	1.000
5.16700	0.65020	0.15970	8.00000	16.50000	0.50	1.000
5.17000	0.65560	0.16500	8.50000	16.50000	0.50	1.000
5.12100	0.64760	0.22210	9.00000	16.50000	0.50	1.000
5.05500	0.67580	0.25460	9.50000	16.50000	0.50	1.000
5.05700	0.67450	0.24930	10.00000	16.50000	0.50	1.000
4.62100	0.65610	0.76930	0.00000	17.00000	0.50	1.000
4.61000	0.66560	0.80060	0.50000	17.00000	0.50	1.000
4.62300	0.67560	0.78360	1.00000	17.00000	0.50	1.000
4.64400	0.65220	0.75730	1.50000	17.00000	0.50	1.000
4.66900	0.66140	0.73210	2.00000	17.00000	0.50	1.000
4.65900	0.65900	0.74040	2.50000	17.00000	0.50	1.000
4.68400	0.65940	0.71350	3.00000	17.00000	0.50	1.000
4.68400	0.65390	0.71330	3.50000	17.00000	0.50	1.000
4.69400	0.65010	0.70890	4.00000	17.00000	0.50	1.000
4.69300	0.65480	0.69950	4.50000	17.00000	0.50	1.000
4.69500	0.65430	0.70090	5.00000	17.00000	0.50	1.000
4.69500	0.65300	0.70440	5.50000	17.00000	0.50	1.000
4.70200	0.65050	0.69920	6.00000	17.00000	0.50	1.000
4.71500	0.65320	0.67770	6.50000	17.00000	0.50	1.000
5.17500	0.65190	0.13980	7.00000	17.00000	0.50	1.000
5.18200	0.65970	0.14490	7.50000	17.00000	0.50	1.000
5.18900	0.65610	0.13450	8.00000	17.00000	0.50	1.000
5.16700	0.65020	0.15970	8.50000	17.00000	0.50	1.000
5.13900	0.64710	0.19510	9.00000	17.00000	0.50	1.000
5.06100	0.67890	0.24160	9.50000	17.00000	0.50	1.000
5.05000	0.67920	0.26480	10.00000	17.00000	0.50	1.000
4.62100	0.65610	0.76930	0.00000	17.50000	0.50	1.000
4.62100	0.65610	0.76930	0.50000	17.50000	0.50	1.000
4.62000	0.65930	0.77730	1.00000	17.50000	0.50	1.000
4.65600	0.66150	0.74760	1.50000	17.50000	0.50	1.000
4.66700	0.66020	0.74400	2.00000	17.50000	0.50	1.000
4.67000	0.65820	0.72840	2.50000	17.50000	0.50	1.000
4.66500	0.65810	0.73130	3.00000	17.50000	0.50	1.000
4.65200	0.66170	0.74490	3.50000	17.50000	0.50	1.000
4.67700	0.65290	0.73330	4.00000	17.50000	0.50	1.000
4.69200	0.64910	0.71140	4.50000	17.50000	0.50	1.000
4.69800	0.65090	0.70630	5.00000	17.50000	0.50	1.000
4.69700	0.65000	0.70100	5.50000	17.50000	0.50	1.000
4.70200	0.65050	0.69920	6.00000	17.50000	0.50	1.000
5.22300	0.67480	0.09957	6.50000	17.50000	0.50	1.000
5.19800	0.67080	0.12960	7.00000	17.50000	0.50	1.000
5.19800	0.67080	0.12960	7.50000	17.50000	0.50	1.000
5.19400	0.66850	0.13560	8.00000	17.50000	0.50	1.000
5.19500	0.66460	0.13400	8.50000	17.50000	0.50	1.000
5.20500	0.65940	0.13110	9.00000	17.50000	0.50	1.000
5.06200	0.68040	0.25060	9.50000	17.50000	0.50	1.000
5.05000	0.67920	0.26480	10.00000	17.50000	0.50	1.000
4.61800	0.67130	0.78770	0.00000	18.00000	0.50	1.000
4.62000	0.65930	0.77730	0.50000	18.00000	0.50	1.000
4.63000	0.64770	0.76660	1.00000	18.00000	0.50	1.000
4.63900	0.65650	0.76580	1.50000	18.00000	0.50	1.000
4.64700	0.65360	0.74900	2.00000	18.00000	0.50	1.000
4.65300	0.65850	0.74320	2.50000	18.00000	0.50	1.000
4.66400	0.65850	0.73440	3.00000	18.00000	0.50	1.000
4.67000	0.65910	0.73050	3.50000	18.00000	0.50	1.000
4.67700	0.65150	0.72880	4.00000	18.00000	0.50	1.000
4.69200	0.64910	0.71140	4.50000	18.00000	0.50	1.000
4.69800	0.65090	0.70630	5.00000	18.00000	0.50	1.000
4.69800	0.65090	0.70630	5.50000	18.00000	0.50	1.000
4.74100	0.65320	0.65120	6.00000	18.00000	0.50	1.000
5.22300	0.67480	0.09957	6.50000	18.00000	0.50	1.000
5.20100	0.67790	0.11790	7.00000	18.00000	0.50	1.000
5.18900	0.66990	0.13730	7.50000	18.00000	0.50	1.000
5.19400	0.66850	0.13560	8.00000	18.00000	0.50	1.000
5.18200	0.65970	0.14490	8.50000	18.00000	0.50	1.000
5.17500	0.66460	0.15710	9.00000	18.00000	0.50	1.000
5.11000	0.68320	0.19620	9.50000	18.00000	0.50	1.000
5.05200	0.66810	0.26590	10.00000	18.00000	0.50	1.000
4.67500	0.63640	0.70660	0.00000	18.50000	0.50	1.000
4.67500	0.63640	0.70660	0.50000	18.50000	0.50	1.000
4.64800	0.64610	0.74790	1.00000	18.50000	0.50	1.000
4.64200	0.64940	0.75160	1.50000	18.50000	0.50	1.000
4.64200	0.64940	0.75160	2.00000	18.50000	0.50	1.000
4.64700	0.65360	0.74900	2.50000	18.50000	0.50	1.000
4.64700	0.65360	0.74900	3.00000	18.50000	0.50	1.000
4.67000	0.65910	0.73050	3.50000	18.50000	0.50	1.000
4.68700	0.65690	0.70930	4.00000	18.50000	0.50	1.000
4.69700	0.65210	0.70000	4.50000	18.50000	0.50	1.000
4.71900	0.62720	0.68550	5.00000	18.50000	0.50	1.000
4.72100	0.64100	0.67260	5.50000	18.50000	0.50	1.000
4.71900	0.62720	0.68550	6.00000	18.50000	0.50	1.000
5.20100	0.67790	0.11790	6.50000	18.50000	0.50	1.000
5.20100	0.67790	0.11790	7.00000	18.50000	0.50	1.000
5.18900	0.66990	0.13730	7.50000	18.50000	0.50	1.000
5.18900	0.66990	0.13730	8.00000	18.50000	0.50	1.000
5.17000	0.67210	0.14140	8.50000	18.50000	0.50	1.000
5.17800	0.66800	0.14950	9.00000	18.50000	0.50	1.000
5.17500	0.66460	0.15710	9.50000	18.50000	0.50	1.000
5.03800	0.67910	0.27230	10.00000	18.50000	0.50	1.000
0.00000	0.00000	0.00000	0.00000	19.00000	0.50	1.000
0.00000	0.00000	0.00000	0.50000	19.00000	0.50	1.000
0.00000	0.00000	0.00000	1.00000	19.00000	0.50	1.000
0.00000	0.00000	0.00000	1.50000	19.00000	0.50	1.000
0.00000	0.00000	0.00000	2.00000	19.00000	0.50	1.000
0.00000	0.00000	0.00000	2.50000	19.00000	0.50	1.000
0.00000	0.00000	0.00000	3.00000	19.00000	0.50	1.000
0.00000	0.00000	0.00000	3.50000	19.00000	0.50	1.000
0.00000	0.00000	0.00000	4.00000	19.00000	0.50	1.000
0.00000	0.00000	0.00000	4.50000	19.00000	0.50	1.000
0.00000	0.00000	0.00000	5.00000	19.00000	0.50	1.000
0.00000	0.00000	0.00000	5.50000	19.00000	0.50	1.000
0.00000	0.00000	0.00000	6.00000	19.00000	0.50	1.000
0.00000	0.00000	0.00000	6.50000	19.00000	0.50	1.000
0.00000	0.00000	0.00000	7.00000	19.00000	0.50	1.000
0.00000	0.00000	0.00000	7.50000	19.00000	0.50	1.000
0.00000	0.00000	0.00000	8.00000	19.00000	0.50	1.000
0.00000	0.00000	0.00000	8.50000	19.00000	0.50	1.000
0.00000	0.00000	0.00000	9.00000	19.00000	0.50	1.000
0.00000	0.00000	0.00000	9.50000	19.00000	0.50	1.000
0.00000	0.00000	0.00000	10.00000	19.00000	0.50	1.000
0.00000	0.00000	0.00000	0.00000	19.50000	0.50	1.000
0.00000	0.00000	0.00000	0.50000	19.50000	0.50	1.000
0.00000	0.00000	0.00000	1.00000	19.50000	0.50	1.000
0.00000	0.00000	0.00000	1.50000	19.50000	0.50	1.000
0.00000	0.00000	0.00000	2.00000	19.50000	0.50	1.000
0.00000	0.00000	0.00000	2.50000	19.50000	0.50	1.000
0.00000	0.00000	0.00000	3.00000	19.50000	0.50	1.000
0.00000	0.00000	0.00000	3.50000	19.50000	0.50	1.000
0.00000	0.00000	0.00000	4.00000	19.50000	0.50	1.000
0.00000	0.00000	0.00000	4.50000	19.50000	0.50	1.000
0.00000	0.00000	0.00000	5.00000	19.50000	0.50	1.000
0.00000	0.00000	0.00000	5.50000	19.50000	0.50	1.000
0.00000	0.00000	0.00000	6.00000	19.50000	0.50	1.000
0.00000	0.00000	0.00000	6.50000	19.50000	0.50	1.000
0.00000	0.00000	0.00000	7.00000	19.50000	0.50	1.000
0.00000	0.00000	0.00000	7.50000	19.50000	0.50	1.000
0.00000	0.00000	0.00000	8.00000	19.50000	0.50	1.000
0.00000	0.00000	0.00000	8.50000	19.50000	0.50	1.000
0.00000	0.00000	0.00000	9.00000	19.50000	0.50	1.000
0.00000	0.00000	0.00000	9.50000	19.50000	0.50	1.000
0.00000	0.00000	0.00000	10.00000	19.50000	0.50	1.000
