3.01700	0.55600	0.91670	30.00000	2.00000	2.50	1.000
3.02800	0.55670	0.90770	30.50000	2.00000	2.50	1.000
3.02600	0.55480	0.90700	31.00000	2.00000	2.50	1.000
3.03100	0.55170	0.90660	31.50000	2.00000	2.50	1.000
3.01200	0.54680	0.92510	32.00000	2.00000	2.50	1.000
2.96800	0.52300	0.97110	32.50000	2.00000	2.50	1.000
2.97500	0.51900	0.96640	33.00000	2.00000	2.50	1.000
2.99500	0.52450	0.95710	33.50000	2.00000	2.50	1.000
2.99900	0.52550	0.95540	34.00000	2.00000	2.50	1.000
2.99100	0.52540	0.95960	34.50000	2.00000	2.50	1.000
2.99600	0.52190	0.96270	35.00000	2.00000	2.50	1.000
2.98500	0.51840	0.95630	35.50000	2.00000	2.50	1.000
2.98800	0.51660	0.95500	36.00000	2.00000	2.50	1.000
2.98800	0.51660	0.95500	36.50000	2.00000	2.50	1.000
3.73800	0.75320	1.44000	37.00000	2.00000	2.50	1.000
3.74100	0.74770	1.43800	37.50000	2.00000	2.50	1.000
3.73800	0.75220	1.43700	38.00000	2.00000	2.50	1.000
3.73600	0.75890	1.45600	38.50000	2.00000	2.50	1.000
3.73700	0.76730	1.45400	39.00000	2.00000	2.50	1.000
3.73700	0.76930	1.45300	39.50000	2.00000	2.50	1.000
3.73400	0.76550	1.45700	40.00000	2.00000	2.50	1.000
3.01900	0.55390	0.91930	30.00000	2.50000	2.50	1.000
2.98200	0.55480	0.94180	30.50000	2.50000	2.50	1.000
3.00600	0.55180	0.93400	31.00000	2.50000	2.50	1.000
3.01000	0.54130	0.93870	31.50000	2.50000	2.50	1.000
2.98800	0.53650	0.94630	32.00000	2.50000	2.50	1.000
3.00100	0.52190	0.92000	32.50000	2.50000	2.50	1.000
2.97900	0.51650	0.97190	33.00000	2.50000	2.50	1.000
2.99500	0.52450	0.95710	33.50000	2.50000	2.50	1.000
3.00900	0.53980	0.93210	34.00000	2.50000	2.50	1.000
2.99100	0.52540	0.95960	34.50000	2.50000	2.50	1.000
2.97500	0.52900	0.96800	35.00000	2.50000	2.50	1.000
2.98800	0.53100	0.96500	35.50000	2.50000	2.50	1.000
2.97200	0.52170	0.96390	36.00000	2.50000	2.50	1.000
2.98800	0.51660	0.95500	36.50000	2.50000	2.50	1.000
3.73800	0.75560	1.43800	37.00000	2.50000	2.50	1.000
3.73800	0.75270	1.44000	37.50000	2.50000	2.50	1.000
3.74000	0.75290	1.44000	38.00000	2.50000	2.50	1.000
3.73700	0.75900	1.44000	38.50000	2.50000	2.50	1.000
3.73400	0.77140	1.46100	39.00000	2.50000	2.50	1.000
3.73100	0.77280	1.46200	39.50000	2.50000	2.50	1.000
3.72700	0.76880	1.46500	40.00000	2.50000	2.50	1.000
3.01200	0.55140	0.92820	30.00000	3.00000	2.50	1.000
2.98500	0.55750	0.95160	30.50000	3.00000	2.50	1.000
3.00500	0.56450	0.94280	31.00000	3.00000	2.50	1.000
2.98900	0.56460	0.96850	31.50000	3.00000	2.50	1.000
2.98800	0.53650	0.94630	32.00000	3.00000	2.50	1.000
2.98800	0.53650	0.94630	32.50000	3.00000	2.50	1.000
2.98800	0.53650	0.94630	33.00000	3.00000	2.50	1.000
2.99600	0.52420	0.95870	33.50000	3.00000	2.50	1.000
2.99100	0.52540	0.95960	34.00000	3.00000	2.50	1.000
2.99100	0.52540	0.95960	34.50000	3.00000	2.50	1.000
2.98800	0.53100	0.96500	35.00000	3.00000	2.50	1.000
2.98800	0.53100	0.96500	35.50000	3.00000	2.50	1.000
2.98500	0.53620	0.96750	36.00000	3.00000	2.50	1.000
2.96800	0.53240	0.98520	36.50000	3.00000	2.50	1.000
3.74100	0.75960	1.43600	37.00000	3.00000	2.50	1.000
3.73800	0.77030	1.43700	37.50000	3.00000	2.50	1.000
3.74000	0.76840	1.43500	38.00000	3.00000	2.50	1.000
3.73800	0.76930	1.43600	38.50000	3.00000	2.50	1.000
3.73900	0.76640	1.45100	39.00000	3.00000	2.50	1.000
3.73700	0.76830	1.45200	39.50000	3.00000	2.50	1.000
3.73500	0.77080	1.45800	40.00000	3.00000	2.50	1.000
3.01000	0.55120	0.93180	30.00000	3.50000	2.50	1.000
3.00700	0.55600	0.93110	30.50000	3.50000	2.50	1.000
3.00700	0.57140	0.94360	31.00000	3.50000	2.50	1.000
3.01000	0.54690	0.93550	31.50000	3.50000	2.50	1.000
0.44740	0.51630	1.54200	32.00000	3.50000	2.50	1.000
0.40620	0.52800	0.01241	32.50000	3.50000	2.50	1.000
0.40620	0.52800	0.01241	33.00000	3.50000	2.50	1.000
0.40540	0.52790	0.01157	33.50000	3.50000	2.50	1.000
0.39860	0.53590	0.01853	34.00000	3.50000	2.50	1.000
2.98600	0.52500	0.95680	34.50000	3.50000	2.50	1.000
2.99400	0.53060	0.96280	35.00000	3.50000	2.50	1.000
2.99400	0.53060	0.96280	35.50000	3.50000	2.50	1.000
3.00500	0.54550	0.94760	36.00000	3.50000	2.50	1.000
3.74200	0.76320	1.44300	36.50000	3.50000	2.50	1.000
3.74500	0.76050	1.43000	37.00000	3.50000	2.50	1.000
3.74000	0.76840	1.43500	37.50000	3.50000	2.50	1.000
3.73400	0.76900	1.44300	38.00000	3.50000	2.50	1.000
3.74100	0.76640	1.43600	38.50000	3.50000	2.50	1.000
3.73200	0.77350	1.44900	39.00000	3.50000	2.50	1.000
3.73500	0.77340	1.45500	39.50000	3.50000	2.50	1.000
3.73000	0.77250	1.46200	40.00000	3.50000	2.50	1.000
5.54200	0.80860	0.49550	30.00000	4.00000	2.50	1.000
3.01200	0.54730	0.93030	30.50000	4.00000	2.50	1.000
0.40320	0.55630	0.03811	31.00000	4.00000	2.50	1.000
0.40110	0.55180	0.03880	31.50000	4.00000	2.50	1.000
0.40920	0.54340	0.02626	32.00000	4.00000	2.50	1.000
0.40170	0.54240	0.02704	32.50000	4.00000	2.50	1.000
0.39980	0.53540	0.01209	33.00000	4.00000	2.50	1.000
0.39860	0.53590	0.01853	33.50000	4.00000	2.50	1.000
0.38530	0.52670	0.02814	34.00000	4.00000	2.50	1.000
0.39760	0.53850	0.01552	34.50000	4.00000	2.50	1.000
3.72900	0.76870	1.45900	35.00000	4.00000	2.50	1.000
3.72900	0.76870	1.45900	35.50000	4.00000	2.50	1.000
3.72900	0.76870	1.45900	36.00000	4.00000	2.50	1.000
3.73800	0.76840	1.44900	36.50000	4.00000	2.50	1.000
3.73800	0.76840	1.44900	37.00000	4.00000	2.50	1.000
3.73900	0.76960	1.43600	37.50000	4.00000	2.50	1.000
3.74200	0.76100	1.42900	38.00000	4.00000	2.50	1.000
3.73900	0.77170	1.43800	38.50000	4.00000	2.50	1.000
3.73100	0.77590	1.44600	39.00000	4.00000	2.50	1.000
3.72900	0.77300	1.45500	39.50000	4.00000	2.50	1.000
3.72800	0.77480	1.46700	40.00000	4.00000	2.50	1.000
5.53700	0.79690	0.50350	30.00000	4.50000	2.50	1.000
5.54000	0.79660	0.49800	30.50000	4.50000	2.50	1.000
0.40790	0.55170	0.03145	31.00000	4.50000	2.50	1.000
0.39820	0.55810	0.04452	31.50000	4.50000	2.50	1.000
0.39360	0.55640	0.04573	32.00000	4.50000	2.50	1.000
0.40860	0.54470	0.03269	32.50000	4.50000	2.50	1.000
0.40220	0.54110	0.02807	33.00000	4.50000	2.50	1.000
0.40050	0.53950	0.02354	33.50000	4.50000	2.50	1.000
0.38400	0.53840	0.02982	34.00000	4.50000	2.50	1.000
0.39760	0.53850	0.01552	34.50000	4.50000	2.50	1.000
0.40100	0.53300	0.01309	35.00000	4.50000	2.50	1.000
1.97200	0.68250	0.48710	35.50000	4.50000	2.50	1.000
1.97300	0.68430	0.48620	36.00000	4.50000	2.50	1.000
1.97100	0.68300	0.50940	36.50000	4.50000	2.50	1.000
3.73300	0.77050	1.45600	37.00000	4.50000	2.50	1.000
3.73900	0.76470	1.44800	37.50000	4.50000	2.50	1.000
3.73800	0.75740	1.44200	38.00000	4.50000	2.50	1.000
3.73700	0.77040	1.44100	38.50000	4.50000	2.50	1.000
3.73400	0.77490	1.44500	39.00000	4.50000	2.50	1.000
3.73100	0.77670	1.44900	39.50000	4.50000	2.50	1.000
3.72800	0.77480	1.46300	40.00000	4.50000	2.50	1.000
5.52800	0.79620	0.51130	30.00000	5.00000	2.50	1.000
5.52000	0.80610	0.51990	30.50000	5.00000	2.50	1.000
0.39590	0.55810	0.05181	31.00000	5.00000	2.50	1.000
0.40120	0.55790	0.04102	31.50000	5.00000	2.50	1.000
0.39520	0.55780	0.05132	32.00000	5.00000	2.50	1.000
0.38660	0.55860	0.05790	32.50000	5.00000	2.50	1.000
0.39710	0.55060	0.04066	33.00000	5.00000	2.50	1.000
0.39420	0.55150	0.03880	33.50000	5.00000	2.50	1.000
0.39260	0.54210	0.03583	34.00000	5.00000	2.50	1.000
0.39100	0.54390	0.03914	34.50000	5.00000	2.50	1.000
1.97200	0.68250	0.48710	35.00000	5.00000	2.50	1.000
1.97600	0.68420	0.47420	35.50000	5.00000	2.50	1.000
1.98600	0.68380	0.46870	36.00000	5.00000	2.50	1.000
3.72500	0.77400	1.46900	36.50000	5.00000	2.50	1.000
3.72900	0.76170	1.46500	37.00000	5.00000	2.50	1.000
3.74500	0.76170	1.44300	37.50000	5.00000	2.50	1.000
3.72900	0.76850	1.45800	38.00000	5.00000	2.50	1.000
3.73200	0.77510	1.44700	38.50000	5.00000	2.50	1.000
3.72700	0.78020	1.44800	39.00000	5.00000	2.50	1.000
3.73000	0.77710	1.45000	39.50000	5.00000	2.50	1.000
3.73100	0.77730	1.45900	40.00000	5.00000	2.50	1.000
5.52800	0.80580	0.51290	30.00000	5.50000	2.50	1.000
5.51800	0.80520	0.51910	30.50000	5.50000	2.50	1.000
0.39720	0.55740	0.05027	31.00000	5.50000	2.50	1.000
0.40070	0.55440	0.04160	31.50000	5.50000	2.50	1.000
0.39730	0.55870	0.04864	32.00000	5.50000	2.50	1.000
0.39080	0.56530	0.05761	32.50000	5.50000	2.50	1.000
0.39420	0.55460	0.04729	33.00000	5.50000	2.50	1.000
0.40450	0.54640	0.03681	33.50000	5.50000	2.50	1.000
0.39420	0.55150	0.03880	34.00000	5.50000	2.50	1.000
0.39590	0.55340	0.03896	34.50000	5.50000	2.50	1.000
1.97400	0.67750	0.48780	35.00000	5.50000	2.50	1.000
1.99100	0.67940	0.46340	35.50000	5.50000	2.50	1.000
3.72900	0.76660	1.46400	36.00000	5.50000	2.50	1.000
3.72400	0.77460	1.47100	36.50000	5.50000	2.50	1.000
3.72600	0.77690	1.47500	37.00000	5.50000	2.50	1.000
3.72600	0.77400	1.47200	37.50000	5.50000	2.50	1.000
3.72500	0.77570	1.46800	38.00000	5.50000	2.50	1.000
3.73700	0.78110	1.45300	38.50000	5.50000	2.50	1.000
3.73200	0.77950	1.45300	39.00000	5.50000	2.50	1.000
3.73300	0.77550	1.45500	39.50000	5.50000	2.50	1.000
3.73000	0.77330	1.46400	40.00000	5.50000	2.50	1.000
5.52800	0.80680	0.50720	30.00000	6.00000	2.50	1.000
5.52700	0.80710	0.51020	30.50000	6.00000	2.50	1.000
5.52400	0.79660	0.51770	31.00000	6.00000	2.50	1.000
0.39820	0.55740	0.04861	31.50000	6.00000	2.50	1.000
0.39750	0.55730	0.04995	32.00000	6.00000	2.50	1.000
0.39750	0.55730	0.04995	32.50000	6.00000	2.50	1.000
0.39420	0.55460	0.04729	33.00000	6.00000	2.50	1.000
0.40680	0.55190	0.03653	33.50000	6.00000	2.50	1.000
0.39070	0.56120	0.05924	34.00000	6.00000	2.50	1.000
2.90800	0.40620	0.94900	34.50000	6.00000	2.50	1.000
2.87600	0.40400	0.97180	35.00000	6.00000	2.50	1.000
2.91800	0.42210	0.91960	35.50000	6.00000	2.50	1.000
3.70800	0.77970	1.48600	36.00000	6.00000	2.50	1.000
3.70900	0.78310	1.49000	36.50000	6.00000	2.50	1.000
3.71800	0.77780	1.47600	37.00000	6.00000	2.50	1.000
3.71400	0.78460	1.48800	37.50000	6.00000	2.50	1.000
3.72400	0.77860	1.47500	38.00000	6.00000	2.50	1.000
3.72700	0.77730	1.47100	38.50000	6.00000	2.50	1.000
3.73200	0.77810	1.46600	39.00000	6.00000	2.50	1.000
3.73000	0.77490	1.46300	39.50000	6.00000	2.50	1.000
3.74200	0.77160	1.45100	40.00000	6.00000	2.50	1.000
5.54000	0.81180	0.49830	30.00000	6.50000	2.50	1.000
5.53300	0.81200	0.49920	30.50000	6.50000	2.50	1.000
5.53000	0.79200	0.51390	31.00000	6.50000	2.50	1.000
5.65400	0.42230	0.94850	31.50000	6.50000	2.50	1.000
5.45700	0.46090	1.49000	32.00000	6.50000	2.50	1.000
5.45500	0.46150	1.50300	32.50000	6.50000	2.50	1.000
5.45800	0.46490	1.49400	33.00000	6.50000	2.50	1.000
5.43800	0.46000	1.51100	33.50000	6.50000	2.50	1.000
2.90900	0.40180	0.94810	34.00000	6.50000	2.50	1.000
2.90800	0.40620	0.94900	34.50000	6.50000	2.50	1.000
2.90900	0.40830	0.93330	35.00000	6.50000	2.50	1.000
2.91800	0.42210	0.91960	35.50000	6.50000	2.50	1.000
3.72300	0.77000	1.46700	36.00000	6.50000	2.50	1.000
3.71100	0.78370	1.49000	36.50000	6.50000	2.50	1.000
0.46560	0.78180	0.06323	37.00000	6.50000	2.50	1.000
3.70500	0.78570	1.48900	37.50000	6.50000	2.50	1.000
3.71300	0.78100	1.48400	38.00000	6.50000	2.50	1.000
3.72400	0.78150	1.47300	38.50000	6.50000	2.50	1.000
3.72000	0.77660	1.47600	39.00000	6.50000	2.50	1.000
3.72800	0.77430	1.46700	39.50000	6.50000	2.50	1.000
3.73200	0.77580	1.46300	40.00000	6.50000	2.50	1.000
5.53900	0.81000	0.49030	30.00000	7.00000	2.50	1.000
5.53900	0.81670	0.49240	30.50000	7.00000	2.50	1.000
5.53400	0.80390	0.50190	31.00000	7.00000	2.50	1.000
5.64400	0.42910	0.96180	31.50000	7.00000	2.50	1.000
5.45700	0.46090	1.49000	32.00000	7.00000	2.50	1.000
5.45400	0.45560	1.51100	32.50000	7.00000	2.50	1.000
5.45200	0.46170	1.50700	33.00000	7.00000	2.50	1.000
5.44300	0.46080	1.52200	33.50000	7.00000	2.50	1.000
2.88300	0.40910	0.97700	34.00000	7.00000	2.50	1.000
2.91700	0.41620	0.94180	34.50000	7.00000	2.50	1.000
2.93400	0.42070	0.91480	35.00000	7.00000	2.50	1.000
2.94900	0.41650	0.89280	35.50000	7.00000	2.50	1.000
2.95600	0.41450	0.88930	36.00000	7.00000	2.50	1.000
3.72400	0.76750	1.44800	36.50000	7.00000	2.50	1.000
3.73000	0.75590	1.44700	37.00000	7.00000	2.50	1.000
3.75800	0.75880	1.42400	37.50000	7.00000	2.50	1.000
3.75100	0.77550	1.44100	38.00000	7.00000	2.50	1.000
3.72400	0.77860	1.47300	38.50000	7.00000	2.50	1.000
3.73200	0.77670	1.46200	39.00000	7.00000	2.50	1.000
3.73900	0.77920	1.46600	39.50000	7.00000	2.50	1.000
3.73100	0.77670	1.46700	40.00000	7.00000	2.50	1.000
5.54800	0.81460	0.49000	30.00000	7.50000	2.50	1.000
5.54400	0.81900	0.48890	30.50000	7.50000	2.50	1.000
5.64800	0.42300	0.94820	31.00000	7.50000	2.50	1.000
5.45700	0.46230	1.48900	31.50000	7.50000	2.50	1.000
5.45200	0.45200	1.51400	32.00000	7.50000	2.50	1.000
5.43300	0.44720	1.53400	32.50000	7.50000	2.50	1.000
5.45000	0.45140	1.51700	33.00000	7.50000	2.50	1.000
5.44200	0.45770	1.52700	33.50000	7.50000	2.50	1.000
2.91200	0.41360	0.94700	34.00000	7.50000	2.50	1.000
2.94000	0.41100	0.92410	34.50000	7.50000	2.50	1.000
2.95600	0.41430	0.91020	35.00000	7.50000	2.50	1.000
2.96800	0.41370	0.88610	35.50000	7.50000	2.50	1.000
2.93300	0.39980	0.91960	36.00000	7.50000	2.50	1.000
3.74300	0.74670	1.43900	36.50000	7.50000	2.50	1.000
3.75500	0.75560	1.42700	37.00000	7.50000	2.50	1.000
3.73300	0.74500	1.43600	37.50000	7.50000	2.50	1.000
3.75800	0.75880	1.42400	38.00000	7.50000	2.50	1.000
3.75900	0.76040	1.43300	38.50000	7.50000	2.50	1.000
0.47960	0.78200	0.07729	39.00000	7.50000	2.50	1.000
3.73500	0.77100	1.45700	39.50000	7.50000	2.50	1.000
3.73500	0.77100	1.45700	40.00000	7.50000	2.50	1.000
5.53200	0.80660	0.50310	30.00000	8.00000	2.50	1.000
5.54300	0.78220	0.50370	30.50000	8.00000	2.50	1.000
5.65800	0.42460	0.93770	31.00000	8.00000	2.50	1.000
5.64400	0.42910	0.96180	31.50000	8.00000	2.50	1.000
5.44200	0.44750	1.52200	32.00000	8.00000	2.50	1.000
5.45100	0.45120	1.50800	32.50000	8.00000	2.50	1.000
5.44800	0.44660	1.53500	33.00000	8.00000	2.50	1.000
5.46600	0.45980	1.48900	33.50000	8.00000	2.50	1.000
2.91400	0.37550	0.96910	34.00000	8.00000	2.50	1.000
2.91600	0.37700	0.95510	34.50000	8.00000	2.50	1.000
2.91700	0.39750	0.95110	35.00000	8.00000	2.50	1.000
2.94000	0.37640	0.92860	35.50000	8.00000	2.50	1.000
2.93300	0.39980	0.91960	36.00000	8.00000	2.50	1.000
2.91800	0.36630	0.97360	36.50000	8.00000	2.50	1.000
3.74300	0.74670	1.43900	37.00000	8.00000	2.50	1.000
3.74500	0.74220	1.43700	37.50000	8.00000	2.50	1.000
3.74500	0.74220	1.43700	38.00000	8.00000	2.50	1.000
3.76200	0.75740	1.43400	38.50000	8.00000	2.50	1.000
3.76500	0.76280	1.43100	39.00000	8.00000	2.50	1.000
3.76800	0.76360	1.43000	39.50000	8.00000	2.50	1.000
3.76700	0.76530	1.42800	40.00000	8.00000	2.50	1.000
5.52400	0.78990	0.52490	30.00000	8.50000	2.50	1.000
5.52800	0.79030	0.52090	30.50000	8.50000	2.50	1.000
5.64800	0.42770	0.94300	31.00000	8.50000	2.50	1.000
5.65100	0.42590	0.94500	31.50000	8.50000	2.50	1.000
5.45900	0.46370	1.49700	32.00000	8.50000	2.50	1.000
5.45100	0.45120	1.50800	32.50000	8.50000	2.50	1.000
2.07100	0.17830	1.40200	33.00000	8.50000	2.50	1.000
2.11200	0.16150	1.37400	33.50000	8.50000	2.50	1.000
2.17300	0.14780	1.32800	34.00000	8.50000	2.50	1.000
2.91400	0.37550	0.96910	34.50000	8.50000	2.50	1.000
2.93900	0.37470	0.93630	35.00000	8.50000	2.50	1.000
2.94300	0.37780	0.93300	35.50000	8.50000	2.50	1.000
2.94400	0.37150	0.93060	36.00000	8.50000	2.50	1.000
2.91500	0.37140	0.96800	36.50000	8.50000	2.50	1.000
5.42600	0.59990	1.49400	37.00000	8.50000	2.50	1.000
5.43000	0.60140	1.49000	37.50000	8.50000	2.50	1.000
5.43000	0.60140	1.49000	38.00000	8.50000	2.50	1.000
5.43500	0.60280	1.48700	38.50000	8.50000	2.50	1.000
3.76200	0.75740	1.43400	39.00000	8.50000	2.50	1.000
3.75700	0.76520	1.44500	39.50000	8.50000	2.50	1.000
3.76700	0.76550	1.43100	40.00000	8.50000	2.50	1.000
5.53300	0.80620	0.52900	30.00000	9.00000	2.50	1.000
5.53300	0.78180	0.52540	30.50000	9.00000	2.50	1.000
5.64300	0.39940	0.94510	31.00000	9.00000	2.50	1.000
5.66100	0.42380	0.93510	31.50000	9.00000	2.50	1.000
5.63500	0.40190	0.94730	32.00000	9.00000	2.50	1.000
5.61400	0.41970	0.94900	32.50000	9.00000	2.50	1.000
2.15900	0.17450	1.30200	33.00000	9.00000	2.50	1.000
2.19100	0.17130	1.28700	33.50000	9.00000	2.50	1.000
2.19000	0.16020	1.30200	34.00000	9.00000	2.50	1.000
2.29200	0.18650	1.20300	34.50000	9.00000	2.50	1.000
2.93800	0.37660	0.93890	35.00000	9.00000	2.50	1.000
2.94300	0.37780	0.93300	35.50000	9.00000	2.50	1.000
2.94300	0.37780	0.93300	36.00000	9.00000	2.50	1.000
5.42600	0.59990	1.49400	36.50000	9.00000	2.50	1.000
5.43000	0.60140	1.49000	37.00000	9.00000	2.50	1.000
5.44900	0.61330	1.46800	37.50000	9.00000	2.50	1.000
5.43000	0.60140	1.49000	38.00000	9.00000	2.50	1.000
5.43900	0.60110	1.48300	38.50000	9.00000	2.50	1.000
5.43600	0.60170	1.48400	39.00000	9.00000	2.50	1.000
3.75900	0.76510	1.43500	39.50000	9.00000	2.50	1.000
3.76200	0.78200	1.44700	40.00000	9.00000	2.50	1.000
5.51800	0.79110	0.53830	30.00000	9.50000	2.50	1.000
5.52100	0.78500	0.53490	30.50000	9.50000	2.50	1.000
5.63200	0.40920	0.92730	31.00000	9.50000	2.50	1.000
5.65700	0.39580	0.92900	31.50000	9.50000	2.50	1.000
5.63300	0.40120	0.94790	32.00000	9.50000	2.50	1.000
5.61800	0.38810	0.95340	32.50000	9.50000	2.50	1.000
2.23800	0.17040	1.25000	33.00000	9.50000	2.50	1.000
2.27700	0.19230	1.21000	33.50000	9.50000	2.50	1.000
2.29200	0.18650	1.20300	34.00000	9.50000	2.50	1.000
2.30700	0.18800	1.17700	34.50000	9.50000	2.50	1.000
2.39700	0.19860	1.09900	35.00000	9.50000	2.50	1.000
2.93200	0.37870	0.93990	35.50000	9.50000	2.50	1.000
2.93800	0.37680	0.93830	36.00000	9.50000	2.50	1.000
5.43400	0.61020	1.47500	36.50000	9.50000	2.50	1.000
5.42600	0.59990	1.49400	37.00000	9.50000	2.50	1.000
5.43700	0.60040	1.48900	37.50000	9.50000	2.50	1.000
5.43500	0.60800	1.48000	38.00000	9.50000	2.50	1.000
5.42000	0.60200	1.49600	38.50000	9.50000	2.50	1.000
1.00300	0.41760	0.20970	39.00000	9.50000	2.50	1.000
1.01800	0.42070	0.20650	39.50000	9.50000	2.50	1.000
1.01700	0.41210	0.20140	40.00000	9.50000	2.50	1.000
5.52100	0.78500	0.53490	30.00000	10.00000	2.50	1.000
5.51300	0.78590	0.54310	30.50000	10.00000	2.50	1.000
5.63100	0.40770	0.92170	31.00000	10.00000	2.50	1.000
5.64000	0.40110	0.91850	31.50000	10.00000	2.50	1.000
5.64100	0.38540	0.92590	32.00000	10.00000	2.50	1.000
5.61500	0.39900	0.94670	32.50000	10.00000	2.50	1.000
5.62100	0.39580	0.94600	33.00000	10.00000	2.50	1.000
2.28800	0.20170	1.19300	33.50000	10.00000	2.50	1.000
2.31900	0.21080	1.16700	34.00000	10.00000	2.50	1.000
2.34100	0.20360	1.14800	34.50000	10.00000	2.50	1.000
2.32900	0.18450	1.15600	35.00000	10.00000	2.50	1.000
2.39700	0.19860	1.09900	35.50000	10.00000	2.50	1.000
2.93800	0.37680	0.93830	36.00000	10.00000	2.50	1.000
5.42700	0.59730	1.49600	36.50000	10.00000	2.50	1.000
5.42700	0.59730	1.49600	37.00000	10.00000	2.50	1.000
5.42600	0.60660	1.48700	37.50000	10.00000	2.50	1.000
5.42700	0.60450	1.49000	38.00000	10.00000	2.50	1.000
5.42400	0.59930	1.48700	38.50000	10.00000	2.50	1.000
1.01200	0.41910	0.20610	39.00000	10.00000	2.50	1.000
1.00300	0.41760	0.20970	39.50000	10.00000	2.50	1.000
1.02000	0.40620	0.19450	40.00000	10.00000	2.50	1.000
5.52100	0.78500	0.53490	30.00000	10.50000	2.50	1.000
5.51300	0.78590	0.54310	30.50000	10.50000	2.50	1.000
5.63100	0.40770	0.92170	31.00000	10.50000	2.50	1.000
5.65900	0.39830	0.88040	31.50000	10.50000	2.50	1.000
5.64800	0.40330	0.90170	32.00000	10.50000	2.50	1.000
5.63100	0.40130	0.92780	32.50000	10.50000	2.50	1.000
2.33500	0.19330	1.15300	33.00000	10.50000	2.50	1.000
2.31200	0.19180	1.17000	33.50000	10.50000	2.50	1.000
2.33700	0.20650	1.15100	34.00000	10.50000	2.50	1.000
2.34900	0.19490	1.14000	34.50000	10.50000	2.50	1.000
2.30100	0.19030	1.19400	35.00000	10.50000	2.50	1.000
2.38500	0.20600	1.10100	35.50000	10.50000	2.50	1.000
2.40500	0.21110	1.08000	36.00000	10.50000	2.50	1.000
5.42800	0.60890	1.49000	36.50000	10.50000	2.50	1.000
5.42400	0.60900	1.48600	37.00000	10.50000	2.50	1.000
5.40300	0.59650	1.51500	37.50000	10.50000	2.50	1.000
5.41800	0.60250	1.49400	38.00000	10.50000	2.50	1.000
5.42600	0.59830	1.49800	38.50000	10.50000	2.50	1.000
1.03400	0.41180	0.19300	39.00000	10.50000	2.50	1.000
1.04700	0.41590	0.16480	39.50000	10.50000	2.50	1.000
1.03400	0.41240	0.16190	40.00000	10.50000	2.50	1.000
1.21800	0.49780	0.78320	30.00000	11.00000	2.50	1.000
5.65100	0.40690	0.89240	30.50000	11.00000	2.50	1.000
5.63400	0.40200	0.91570	31.00000	11.00000	2.50	1.000
5.63400	0.40200	0.91570	31.50000	11.00000	2.50	1.000
5.63200	0.40240	0.91380	32.00000	11.00000	2.50	1.000
5.63100	0.40130	0.92780	32.50000	11.00000	2.50	1.000
2.35000	0.19450	1.13600	33.00000	11.00000	2.50	1.000
2.36400	0.22010	1.12400	33.50000	11.00000	2.50	1.000
2.35600	0.20860	1.13200	34.00000	11.00000	2.50	1.000
2.35600	0.20860	1.13200	34.50000	11.00000	2.50	1.000
2.38500	0.20600	1.10100	35.00000	11.00000	2.50	1.000
2.40500	0.21110	1.08000	35.50000	11.00000	2.50	1.000
1.05400	0.42880	0.17670	36.00000	11.00000	2.50	1.000
5.43500	0.61200	1.47900	36.50000	11.00000	2.50	1.000
5.42400	0.61070	1.49100	37.00000	11.00000	2.50	1.000
5.43000	0.61500	1.48200	37.50000	11.00000	2.50	1.000
5.42600	0.59830	1.49800	38.00000	11.00000	2.50	1.000
5.44600	0.60710	1.47100	38.50000	11.00000	2.50	1.000
1.03200	0.41060	0.15730	39.00000	11.00000	2.50	1.000
1.00700	0.39800	0.17570	39.50000	11.00000	2.50	1.000
1.04100	0.39770	0.14300	40.00000	11.00000	2.50	1.000
5.53500	0.79650	0.53010	30.00000	11.50000	2.50	1.000
5.65100	0.40750	0.90110	30.50000	11.50000	2.50	1.000
5.65100	0.40690	0.89240	31.00000	11.50000	2.50	1.000
5.63400	0.40200	0.91570	31.50000	11.50000	2.50	1.000
5.54100	0.38820	0.98990	32.00000	11.50000	2.50	1.000
5.62700	0.40160	0.93070	32.50000	11.50000	2.50	1.000
2.36200	0.19840	1.12500	33.00000	11.50000	2.50	1.000
2.39600	0.20460	1.09000	33.50000	11.50000	2.50	1.000
2.35600	0.20860	1.13200	34.00000	11.50000	2.50	1.000
2.40200	0.21970	1.08900	34.50000	11.50000	2.50	1.000
2.45200	0.21240	1.03100	35.00000	11.50000	2.50	1.000
1.85100	0.53260	0.30860	35.50000	11.50000	2.50	1.000
1.07800	0.42310	0.13710	36.00000	11.50000	2.50	1.000
1.07400	0.42000	0.12840	36.50000	11.50000	2.50	1.000
5.42500	0.61110	1.49500	37.00000	11.50000	2.50	1.000
5.43000	0.61330	1.48300	37.50000	11.50000	2.50	1.000
1.06200	0.40310	0.12030	38.00000	11.50000	2.50	1.000
1.09900	0.40450	0.09240	38.50000	11.50000	2.50	1.000
1.05700	0.39450	0.11970	39.00000	11.50000	2.50	1.000
1.06700	0.39450	0.11220	39.50000	11.50000	2.50	1.000
1.05400	0.39770	0.13060	40.00000	11.50000	2.50	1.000
5.53500	0.78740	0.53090	30.00000	12.00000	2.50	1.000
5.65100	0.40750	0.90110	30.50000	12.00000	2.50	1.000
5.63900	0.40070	0.91210	31.00000	12.00000	2.50	1.000
5.63900	0.40070	0.91210	31.50000	12.00000	2.50	1.000
5.62600	0.40510	0.92420	32.00000	12.00000	2.50	1.000
5.60700	0.39660	0.93990	32.50000	12.00000	2.50	1.000
1.87800	0.52750	0.26750	33.00000	12.00000	2.50	1.000
1.87800	0.52750	0.26750	33.50000	12.00000	2.50	1.000
1.87900	0.53550	0.27070	34.00000	12.00000	2.50	1.000
1.87900	0.53550	0.27070	34.50000	12.00000	2.50	1.000
1.88000	0.53940	0.27730	35.00000	12.00000	2.50	1.000
1.89300	0.53860	0.26380	35.50000	12.00000	2.50	1.000
1.10100	0.41670	0.11240	36.00000	12.00000	2.50	1.000
1.11500	0.41180	0.10140	36.50000	12.00000	2.50	1.000
1.08600	0.40880	0.10720	37.00000	12.00000	2.50	1.000
1.08000	0.39960	0.10420	37.50000	12.00000	2.50	1.000
1.07400	0.39840	0.11070	38.00000	12.00000	2.50	1.000
1.10400	0.39240	0.08030	38.50000	12.00000	2.50	1.000
1.07000	0.39460	0.10940	39.00000	12.00000	2.50	1.000
1.05300	0.39280	0.12790	39.50000	12.00000	2.50	1.000
1.04600	0.40180	0.13950	40.00000	12.00000	2.50	1.000
5.49300	0.46700	1.18100	30.00000	12.50000	2.50	1.000
5.48900	0.46980	1.17500	30.50000	12.50000	2.50	1.000
5.62600	0.40510	0.92420	31.00000	12.50000	2.50	1.000
5.62000	0.40560	0.92870	31.50000	12.50000	2.50	1.000
5.60700	0.39660	0.93990	32.00000	12.50000	2.50	1.000
1.87100	0.53020	0.26980	32.50000	12.50000	2.50	1.000
1.88600	0.53470	0.26200	33.00000	12.50000	2.50	1.000
1.87800	0.52750	0.26750	33.50000	12.50000	2.50	1.000
1.87000	0.54070	0.26890	34.00000	12.50000	2.50	1.000
1.87700	0.53780	0.27540	34.50000	12.50000	2.50	1.000
1.87800	0.52930	0.26630	35.00000	12.50000	2.50	1.000
1.87600	0.53260	0.26600	35.50000	12.50000	2.50	1.000
1.10100	0.41670	0.11240	36.00000	12.50000	2.50	1.000
1.12000	0.41420	0.06930	36.50000	12.50000	2.50	1.000
1.09100	0.40760	0.08759	37.00000	12.50000	2.50	1.000
1.09000	0.40190	0.08250	37.50000	12.50000	2.50	1.000
1.06200	0.39230	0.11960	38.00000	12.50000	2.50	1.000
1.07900	0.39630	0.10590	38.50000	12.50000	2.50	1.000
1.05600	0.40740	0.14230	39.00000	12.50000	2.50	1.000
1.04600	0.40370	0.14310	39.50000	12.50000	2.50	1.000
1.06500	0.40980	0.12610	40.00000	12.50000	2.50	1.000
5.48800	0.46510	1.18600	30.00000	13.00000	2.50	1.000
5.49100	0.46960	1.17400	30.50000	13.00000	2.50	1.000
5.49100	0.46960	1.17400	31.00000	13.00000	2.50	1.000
5.59500	0.40710	0.94650	31.50000	13.00000	2.50	1.000
5.59500	0.40710	0.94650	32.00000	13.00000	2.50	1.000
1.87100	0.53020	0.26980	32.50000	13.00000	2.50	1.000
1.87100	0.53020	0.26980	33.00000	13.00000	2.50	1.000
1.88000	0.53120	0.26700	33.50000	13.00000	2.50	1.000
1.88200	0.53660	0.25990	34.00000	13.00000	2.50	1.000
1.88100	0.53630	0.26260	34.50000	13.00000	2.50	1.000
1.88500	0.54420	0.25530	35.00000	13.00000	2.50	1.000
1.88300	0.54410	0.25590	35.50000	13.00000	2.50	1.000
1.08000	0.40970	0.11860	36.00000	13.00000	2.50	1.000
1.09700	0.40910	0.08729	36.50000	13.00000	2.50	1.000
1.09500	0.40000	0.09098	37.00000	13.00000	2.50	1.000
1.08700	0.39730	0.09806	37.50000	13.00000	2.50	1.000
1.05900	0.40480	0.12400	38.00000	13.00000	2.50	1.000
1.05400	0.41850	0.14300	38.50000	13.00000	2.50	1.000
1.01500	0.41980	0.18370	39.00000	13.00000	2.50	1.000
1.04600	0.41340	0.14220	39.50000	13.00000	2.50	1.000
1.03700	0.40720	0.15230	40.00000	13.00000	2.50	1.000
5.47500	0.45820	1.19900	30.00000	13.50000	2.50	1.000
5.49100	0.46960	1.17400	30.50000	13.50000	2.50	1.000
5.48500	0.45770	1.18200	31.00000	13.50000	2.50	1.000
5.48500	0.45770	1.18200	31.50000	13.50000	2.50	1.000
5.54600	0.39750	0.99360	32.00000	13.50000	2.50	1.000
1.86700	0.52810	0.28370	32.50000	13.50000	2.50	1.000
1.86900	0.54150	0.27040	33.00000	13.50000	2.50	1.000
1.88200	0.54070	0.26390	33.50000	13.50000	2.50	1.000
1.89100	0.55730	0.25140	34.00000	13.50000	2.50	1.000
1.88500	0.53540	0.25190	34.50000	13.50000	2.50	1.000
1.88300	0.54430	0.25630	35.00000	13.50000	2.50	1.000
1.87500	0.54920	0.26520	35.50000	13.50000	2.50	1.000
1.07000	0.41540	0.12690	36.00000	13.50000	2.50	1.000
1.07000	0.41250	0.12490	36.50000	13.50000	2.50	1.000
1.04700	0.40900	0.14630	37.00000	13.50000	2.50	1.000
1.01100	0.41690	0.19990	37.50000	13.50000	2.50	1.000
1.01400	0.41590	0.19540	38.00000	13.50000	2.50	1.000
1.02000	0.41750	0.16880	38.50000	13.50000	2.50	1.000
1.00500	0.42070	0.18970	39.00000	13.50000	2.50	1.000
1.00500	0.41570	0.18890	39.50000	13.50000	2.50	1.000
1.01100	0.41380	0.17780	40.00000	13.50000	2.50	1.000
5.46800	0.45060	1.21300	30.00000	14.00000	2.50	1.000
5.45500	0.45950	1.22100	30.50000	14.00000	2.50	1.000
5.46600	0.45760	1.21000	31.00000	14.00000	2.50	1.000
5.48500	0.45770	1.18200	31.50000	14.00000	2.50	1.000
2.32600	0.78210	0.66920	32.00000	14.00000	2.50	1.000
2.32600	0.78210	0.66920	32.50000	14.00000	2.50	1.000
1.86700	0.52810	0.28370	33.00000	14.00000	2.50	1.000
1.86900	0.54150	0.27040	33.50000	14.00000	2.50	1.000
1.87100	0.53930	0.26950	34.00000	14.00000	2.50	1.000
1.87100	0.53930	0.26950	34.50000	14.00000	2.50	1.000
1.88300	0.54430	0.25630	35.00000	14.00000	2.50	1.000
1.05500	0.42740	0.15340	35.50000	14.00000	2.50	1.000
1.03300	0.41660	0.18660	36.00000	14.00000	2.50	1.000
0.99040	0.42700	0.22490	36.50000	14.00000	2.50	1.000
0.98710	0.42940	0.22270	37.00000	14.00000	2.50	1.000
1.00700	0.42710	0.20100	37.50000	14.00000	2.50	1.000
1.00500	0.42030	0.19090	38.00000	14.00000	2.50	1.000
1.01200	0.42200	0.17760	38.50000	14.00000	2.50	1.000
1.01900	0.42060	0.18030	39.00000	14.00000	2.50	1.000
1.01700	0.41550	0.17620	39.50000	14.00000	2.50	1.000
1.01300	0.41530	0.17880	40.00000	14.00000	2.50	1.000
5.46800	0.45480	1.20800	30.00000	14.50000	2.50	1.000
5.45200	0.45040	1.23700	30.50000	14.50000	2.50	1.000
1.88600	0.29650	0.53300	31.00000	14.50000	2.50	1.000
1.88800	0.29550	0.53150	31.50000	14.50000	2.50	1.000
1.91300	0.29960	0.50610	32.00000	14.50000	2.50	1.000
2.32400	0.81360	0.66180	32.50000	14.50000	2.50	1.000
2.32600	0.78210	0.66920	33.00000	14.50000	2.50	1.000
1.87100	0.53930	0.26950	33.50000	14.50000	2.50	1.000
1.84200	0.53730	0.28090	34.00000	14.50000	2.50	1.000
1.88600	0.54180	0.25270	34.50000	14.50000	2.50	1.000
1.88600	0.54180	0.25270	35.00000	14.50000	2.50	1.000
1.06200	0.41940	0.13560	35.50000	14.50000	2.50	1.000
1.03600	0.41980	0.18280	36.00000	14.50000	2.50	1.000
0.98270	0.43290	0.22050	36.50000	14.50000	2.50	1.000
0.97850	0.42400	0.21580	37.00000	14.50000	2.50	1.000
1.00200	0.42120	0.19510	37.50000	14.50000	2.50	1.000
0.99120	0.41970	0.20690	38.00000	14.50000	2.50	1.000
1.02100	0.41360	0.17240	38.50000	14.50000	2.50	1.000
1.02000	0.41470	0.17330	39.00000	14.50000	2.50	1.000
1.00600	0.41850	0.18160	39.50000	14.50000	2.50	1.000
1.01700	0.41710	0.17610	40.00000	14.50000	2.50	1.000
5.48400	0.47390	1.19400	30.00000	15.00000	2.50	1.000
5.45300	0.45080	1.22500	30.50000	15.00000	2.50	1.000
1.90300	0.30060	0.51220	31.00000	15.00000	2.50	1.000
1.91100	0.29730	0.50740	31.50000	15.00000	2.50	1.000
3.75500	0.30570	0.64470	32.00000	15.00000	2.50	1.000
3.78300	0.30090	0.62070	32.50000	15.00000	2.50	1.000
3.78200	0.29960	0.61240	33.00000	15.00000	2.50	1.000
3.79000	0.30140	0.61230	33.50000	15.00000	2.50	1.000
1.88600	0.54180	0.25270	34.00000	15.00000	2.50	1.000
1.88700	0.54140	0.25080	34.50000	15.00000	2.50	1.000
1.88700	0.54140	0.25080	35.00000	15.00000	2.50	1.000
1.09000	0.41500	0.09826	35.50000	15.00000	2.50	1.000
1.04900	0.42140	0.15550	36.00000	15.00000	2.50	1.000
1.03000	0.42360	0.17680	36.50000	15.00000	2.50	1.000
1.02400	0.42010	0.17800	37.00000	15.00000	2.50	1.000
1.02100	0.41430	0.16990	37.50000	15.00000	2.50	1.000
1.02000	0.41740	0.16810	38.00000	15.00000	2.50	1.000
1.02100	0.40820	0.16990	38.50000	15.00000	2.50	1.000
1.00300	0.41630	0.18280	39.00000	15.00000	2.50	1.000
1.03500	0.41460	0.15690	39.50000	15.00000	2.50	1.000
1.01400	0.40960	0.17740	40.00000	15.00000	2.50	1.000
0.27670	0.55590	0.74050	30.00000	15.50000	2.50	1.000
1.08600	0.41280	0.10860	30.50000	15.50000	2.50	1.000
1.93300	0.30140	0.46380	31.00000	15.50000	2.50	1.000
1.91300	0.29960	0.50610	31.50000	15.50000	2.50	1.000
3.74400	0.30010	0.65480	32.00000	15.50000	2.50	1.000
3.77900	0.29210	0.62790	32.50000	15.50000	2.50	1.000
3.78300	0.29160	0.61530	33.00000	15.50000	2.50	1.000
3.78200	0.29960	0.61240	33.50000	15.50000	2.50	1.000
3.78200	0.29960	0.61240	34.00000	15.50000	2.50	1.000
1.90800	0.55620	0.23660	34.50000	15.50000	2.50	1.000
1.05800	0.41220	0.14130	35.00000	15.50000	2.50	1.000
1.04900	0.42140	0.15550	35.50000	15.50000	2.50	1.000
1.07600	0.41830	0.12210	36.00000	15.50000	2.50	1.000
1.04600	0.42060	0.15390	36.50000	15.50000	2.50	1.000
1.04700	0.40610	0.14610	37.00000	15.50000	2.50	1.000
1.03100	0.40200	0.15550	37.50000	15.50000	2.50	1.000
1.04400	0.40290	0.13640	38.00000	15.50000	2.50	1.000
1.07100	0.40590	0.11990	38.50000	15.50000	2.50	1.000
1.03400	0.40490	0.15210	39.00000	15.50000	2.50	1.000
1.06300	0.40360	0.12710	39.50000	15.50000	2.50	1.000
1.04400	0.40030	0.13420	40.00000	15.50000	2.50	1.000
1.11200	0.41540	0.08834	30.00000	16.00000	2.50	1.000
1.09600	0.41200	0.09992	30.50000	16.00000	2.50	1.000
1.12700	0.39980	0.05993	31.00000	16.00000	2.50	1.000
1.15400	0.40230	0.01747	31.50000	16.00000	2.50	1.000
3.73500	0.31150	0.66460	32.00000	16.00000	2.50	1.000
3.72400	0.30470	0.68020	32.50000	16.00000	2.50	1.000
3.73300	0.29840	0.67120	33.00000	16.00000	2.50	1.000
3.76500	0.30420	0.64140	33.50000	16.00000	2.50	1.000
3.77600	0.29760	0.62770	34.00000	16.00000	2.50	1.000
0.00000	0.00000	0.00000	34.50000	16.00000	2.50	1.000
1.05800	0.41220	0.14130	35.00000	16.00000	2.50	1.000
1.05800	0.41220	0.14130	35.50000	16.00000	2.50	1.000
1.09100	0.41030	0.09670	36.00000	16.00000	2.50	1.000
1.03500	0.40240	0.14810	36.50000	16.00000	2.50	1.000
1.04800	0.39510	0.12900	37.00000	16.00000	2.50	1.000
1.06100	0.39930	0.12040	37.50000	16.00000	2.50	1.000
1.05000	0.39600	0.13150	38.00000	16.00000	2.50	1.000
1.04500	0.40060	0.13340	38.50000	16.00000	2.50	1.000
1.06400	0.40490	0.11100	39.00000	16.00000	2.50	1.000
1.04400	0.40180	0.14040	39.50000	16.00000	2.50	1.000
1.03200	0.40660	0.15040	40.00000	16.00000	2.50	1.000
1.09100	0.41330	0.10330	30.00000	16.50000	2.50	1.000
1.09800	0.41080	0.09853	30.50000	16.50000	2.50	1.000
1.12000	0.39680	0.06701	31.00000	16.50000	2.50	1.000
1.11600	0.40300	0.07506	31.50000	16.50000	2.50	1.000
1.11700	0.40180	0.08253	32.00000	16.50000	2.50	1.000
3.69600	0.32230	0.70900	32.50000	16.50000	2.50	1.000
3.72100	0.30550	0.68270	33.00000	16.50000	2.50	1.000
3.73300	0.29990	0.67820	33.50000	16.50000	2.50	1.000
3.76400	0.30380	0.64240	34.00000	16.50000	2.50	1.000
0.00000	0.00000	0.00000	34.50000	16.50000	2.50	1.000
1.06000	0.37390	0.09568	35.00000	16.50000	2.50	1.000
1.05600	0.39190	0.11430	35.50000	16.50000	2.50	1.000
1.05900	0.39870	0.12080	36.00000	16.50000	2.50	1.000
1.06000	0.39250	0.11390	36.50000	16.50000	2.50	1.000
1.06300	0.39900	0.10780	37.00000	16.50000	2.50	1.000
1.05500	0.39310	0.11610	37.50000	16.50000	2.50	1.000
1.05600	0.39730	0.11990	38.00000	16.50000	2.50	1.000
1.05600	0.39730	0.11990	38.50000	16.50000	2.50	1.000
1.05500	0.39370	0.12150	39.00000	16.50000	2.50	1.000
1.04900	0.39410	0.13030	39.50000	16.50000	2.50	1.000
1.04300	0.40220	0.13950	40.00000	16.50000	2.50	1.000
1.09600	0.41280	0.09849	30.00000	17.00000	2.50	1.000
1.11300	0.40330	0.08592	30.50000	17.00000	2.50	1.000
1.11600	0.40300	0.07506	31.00000	17.00000	2.50	1.000
1.11600	0.40300	0.07506	31.50000	17.00000	2.50	1.000
1.11600	0.41160	0.09213	32.00000	17.00000	2.50	1.000
3.71500	0.30750	0.68880	32.50000	17.00000	2.50	1.000
3.69900	0.30450	0.69930	33.00000	17.00000	2.50	1.000
3.76400	0.30380	0.64240	33.50000	17.00000	2.50	1.000
3.74800	0.30240	0.65780	34.00000	17.00000	2.50	1.000
1.30400	0.35880	1.39300	34.50000	17.00000	2.50	1.000
1.07000	0.40890	0.11820	35.00000	17.00000	2.50	1.000
1.06000	0.37390	0.09568	35.50000	17.00000	2.50	1.000
1.05300	0.38280	0.10830	36.00000	17.00000	2.50	1.000
1.07100	0.38110	0.09073	36.50000	17.00000	2.50	1.000
1.07100	0.38220	0.09907	37.00000	17.00000	2.50	1.000
1.06200	0.38780	0.10660	37.50000	17.00000	2.50	1.000
1.05700	0.39400	0.11580	38.00000	17.00000	2.50	1.000
1.05900	0.40140	0.11160	38.50000	17.00000	2.50	1.000
1.06300	0.40090	0.11340	39.00000	17.00000	2.50	1.000
1.04700	0.39910	0.13080	39.50000	17.00000	2.50	1.000
1.03900	0.39790	0.14460	40.00000	17.00000	2.50	1.000
1.09100	0.41660	0.09586	30.00000	17.50000	2.50	1.000
1.10400	0.40890	0.09631	30.50000	17.50000	2.50	1.000
1.07800	0.41530	0.13600	31.00000	17.50000	2.50	1.000
1.11400	0.40930	0.08733	31.50000	17.50000	2.50	1.000
1.09100	0.40970	0.10840	32.00000	17.50000	2.50	1.000
1.11600	0.41160	0.09213	32.50000	17.50000	2.50	1.000
3.71500	0.30750	0.68880	33.00000	17.50000	2.50	1.000
3.73200	0.30650	0.67270	33.50000	17.50000	2.50	1.000
1.29900	0.34720	1.34800	34.00000	17.50000	2.50	1.000
1.29900	0.34720	1.34800	34.50000	17.50000	2.50	1.000
1.06700	0.38480	0.09054	35.00000	17.50000	2.50	1.000
1.14400	0.34880	1.55000	35.50000	17.50000	2.50	1.000
1.07800	0.38360	0.08297	36.00000	17.50000	2.50	1.000
1.09500	0.37750	0.06827	36.50000	17.50000	2.50	1.000
1.08600	0.38660	0.07918	37.00000	17.50000	2.50	1.000
1.06800	0.38940	0.10360	37.50000	17.50000	2.50	1.000
1.05600	0.39530	0.11750	38.00000	17.50000	2.50	1.000
1.05700	0.39940	0.12090	38.50000	17.50000	2.50	1.000
1.06900	0.40300	0.10630	39.00000	17.50000	2.50	1.000
1.10200	0.40030	0.07662	39.50000	17.50000	2.50	1.000
1.07300	0.39910	0.11380	40.00000	17.50000	2.50	1.000
1.09100	0.41660	0.09586	30.00000	18.00000	2.50	1.000
1.10000	0.40820	0.08902	30.50000	18.00000	2.50	1.000
1.10000	0.40820	0.08902	31.00000	18.00000	2.50	1.000
1.10000	0.40820	0.08902	31.50000	18.00000	2.50	1.000
1.12000	0.40040	0.06316	32.00000	18.00000	2.50	1.000
1.12000	0.40040	0.06316	32.50000	18.00000	2.50	1.000
1.14300	0.40120	0.03557	33.00000	18.00000	2.50	1.000
1.30400	0.35880	1.39300	33.50000	18.00000	2.50	1.000
1.29900	0.34720	1.34800	34.00000	18.00000	2.50	1.000
1.29900	0.34720	1.34800	34.50000	18.00000	2.50	1.000
1.03000	0.42420	0.16220	35.00000	18.00000	2.50	1.000
1.06700	0.38480	0.09054	35.50000	18.00000	2.50	1.000
1.06700	0.38480	0.09054	36.00000	18.00000	2.50	1.000
1.08500	0.38940	0.08451	36.50000	18.00000	2.50	1.000
1.07900	0.39390	0.09146	37.00000	18.00000	2.50	1.000
1.06800	0.38940	0.10360	37.50000	18.00000	2.50	1.000
1.06200	0.39460	0.10790	38.00000	18.00000	2.50	1.000
1.06900	0.40300	0.10630	38.50000	18.00000	2.50	1.000
1.06900	0.40300	0.10630	39.00000	18.00000	2.50	1.000
1.06700	0.40340	0.10740	39.50000	18.00000	2.50	1.000
1.06700	0.40340	0.10740	40.00000	18.00000	2.50	1.000
1.09800	0.42090	0.08690	30.00000	18.50000	2.50	1.000
1.09800	0.42090	0.08690	30.50000	18.50000	2.50	1.000
1.06300	0.41890	0.11000	31.00000	18.50000	2.50	1.000
1.10600	0.41520	0.08080	31.50000	18.50000	2.50	1.000
0.00000	0.00000	0.00000	32.00000	18.50000	2.50	1.000
0.00000	0.00000	0.00000	32.50000	18.50000	2.50	1.000
0.00000	0.00000	0.00000	33.00000	18.50000	2.50	1.000
1.02300	0.43620	0.16300	33.50000	18.50000	2.50	1.000
1.02300	0.43620	0.16300	34.00000	18.50000	2.50	1.000
1.02300	0.43620	0.16300	34.50000	18.50000	2.50	1.000
1.03000	0.42420	0.16220	35.00000	18.50000	2.50	1.000
1.06700	0.38480	0.09054	35.50000	18.50000	2.50	1.000
1.06700	0.38480	0.09054	36.00000	18.50000	2.50	1.000
1.02000	0.37990	0.12720	36.50000	18.50000	2.50	1.000
1.06100	0.38780	0.10530	37.00000	18.50000	2.50	1.000
1.05900	0.38920	0.10970	37.50000	18.50000	2.50	1.000
1.05900	0.38920	0.10970	38.00000	18.50000	2.50	1.000
1.06200	0.39460	0.10790	38.50000	18.50000	2.50	1.000
1.05600	0.39500	0.11450	39.00000	18.50000	2.50	1.000
1.05600	0.39500	0.11450	39.50000	18.50000	2.50	1.000
1.05600	0.40280	0.12150	40.00000	18.50000	2.50	1.000
0.00000	0.00000	0.00000	30.00000	19.00000	2.50	1.000
0.00000	0.00000	0.00000	30.50000	19.00000	2.50	1.000
0.00000	0.00000	0.00000	31.00000	19.00000	2.50	1.000
0.00000	0.00000	0.00000	31.50000	19.00000	2.50	1.000
0.00000	0.00000	0.00000	32.00000	19.00000	2.50	1.000
0.00000	0.00000	0.00000	32.50000	19.00000	2.50	1.000
0.00000	0.00000	0.00000	33.00000	19.00000	2.50	1.000
0.00000	0.00000	0.00000	33.50000	19.00000	2.50	1.000
0.00000	0.00000	0.00000	34.00000	19.00000	2.50	1.000
0.00000	0.00000	0.00000	34.50000	19.00000	2.50	1.000
0.00000	0.00000	0.00000	35.00000	19.00000	2.50	1.000
0.00000	0.00000	0.00000	35.50000	19.00000	2.50	1.000
0.00000	0.00000	0.00000	36.00000	19.00000	2.50	1.000
0.00000	0.00000	0.00000	36.50000	19.00000	2.50	1.000
0.00000	0.00000	0.00000	37.00000	19.00000	2.50	1.000
0.00000	0.00000	0.00000	37.50000	19.00000	2.50	1.000
0.00000	0.00000	0.00000	38.00000	19.00000	2.50	1.000
0.00000	0.00000	0.00000	38.50000	19.00000	2.50	1.000
0.00000	0.00000	0.00000	39.00000	19.00000	2.50	1.000
0.00000	0.00000	0.00000	39.50000	19.00000	2.50	1.000
0.00000	0.00000	0.00000	40.00000	19.00000	2.50	1.000
0.00000	0.00000	0.00000	30.00000	19.50000	2.50	1.000
0.00000	0.00000	0.00000	30.50000	19.50000	2.50	1.000
0.00000	0.00000	0.00000	31.00000	19.50000	2.50	1.000
0.00000	0.00000	0.00000	31.50000	19.50000	2.50	1.000
0.00000	0.00000	0.00000	32.00000	19.50000	2.50	1.000
0.00000	0.00000	0.00000	32.50000	19.50000	2.50	1.000
0.00000	0.00000	0.00000	33.00000	19.50000	2.50	1.000
0.00000	0.00000	0.00000	33.50000	19.50000	2.50	1.000
0.00000	0.00000	0.00000	34.00000	19.50000	2.50	1.000
0.00000	0.00000	0.00000	34.50000	19.50000	2.50	1.000
0.00000	0.00000	0.00000	35.00000	19.50000	2.50	1.000
0.00000	0.00000	0.00000	35.50000	19.50000	2.50	1.000
0.00000	0.00000	0.00000	36.00000	19.50000	2.50	1.000
0.00000	0.00000	0.00000	36.50000	19.50000	2.50	1.000
0.00000	0.00000	0.00000	37.00000	19.50000	2.50	1.000
0.00000	0.00000	0.00000	37.50000	19.50000	2.50	1.000
0.00000	0.00000	0.00000	38.00000	19.50000	2.50	1.000
0.00000	0.00000	0.00000	38.50000	19.50000	2.50	1.000
0.00000	0.00000	0.00000	39.00000	19.50000	2.50	1.000
0.00000	0.00000	0.00000	39.50000	19.50000	2.50	1.000
0.00000	0.00000	0.00000	40.00000	19.50000	2.50	1.000
