7.670630e+001 9.924333e+001 
8.736870e+001 6.569797e+001 
1.036166e+002 1.160188e+002 
9.415131e+001 1.100555e+002 
1.028162e+002 1.020732e+002 
1.013034e+002 8.690007e+001 
1.109050e+002 8.464717e+001 
1.061241e+002 9.414706e+001 
9.862739e+001 9.460929e+001 
9.578958e+001 9.325537e+001 
1.082201e+002 8.857040e+001 
1.132818e+002 9.376989e+001 
1.118469e+002 7.389758e+001 
1.108399e+002 5.825120e+001 
9.455054e+001 1.324617e+002 
8.626071e+001 1.342272e+002 
5.611078e+001 8.995246e+001 
5.682852e+001 1.086267e+002 
5.577298e+001 1.152852e+002 
4.741388e+001 1.364222e+002 
3.637208e+001 1.535185e+002 
3.336983e+001 1.671854e+002 
3.509748e+001 1.115279e+002 
1.029736e+002 8.861724e+001 
5.886537e+001 9.536159e+001 
1.059470e+002 8.663981e+001 
1.090534e+002 8.280811e+001 
6.125422e+001 9.974641e+001 
6.526854e+001 9.641011e+001 
7.253230e+001 9.572608e+001 
6.390634e+001 9.068733e+001 
1.092367e+002 7.786780e+001 
