1 1 1 1 0
1 1 1 2 0
1 1 1 3 0
1 1 1 4 0
1 1 1 5 0
1 1 1 6 0
1 1 1 7 0
1 1 1 8 0
1 1 1 9 0
1 1 1 10 0
1 1 1 11 0
1 1 1 12 0
1 1 1 13 0
1 1 1 14 0
1 1 1 15 0
1 1 1 16 0
1 1 1 17 0
1 1 1 18 0
1 1 1 19 0
1 1 1 20 0
1 1 1 21 0
1 1 1 22 0
1 1 1 23 0
1 1 1 24 0
1 1 1 25 0
1 1 1 26 0
1 1 1 27 0
1 1 1 28 0
1 1 1 29 0
1 1 1 30 0
1 1 1 31 0
1 1 1 32 0
1 1 1 33 0
1 1 1 34 0
1 1 1 35 0
1 1 1 36 0
1 1 1 37 0
1 1 1 38 0
1 1 1 39 0
1 1 1 40 0
1 1 1 41 0
1 1 1 42 0
1 1 1 43 0
1 1 1 44 0
1 1 1 45 0
1 1 1 46 0
1 1 1 47 0
1 1 1 48 0
1 1 1 49 0
1 1 1 50 0
1 1 1 51 0
1 1 1 52 0
1 1 1 53 0
1 1 1 54 0
1 1 1 55 0
1 1 1 56 0
1 1 1 57 0
1 1 1 58 0
1 1 1 59 0
1 1 1 60 0
1 1 1 61 0
1 1 1 62 0
1 1 1 63 0
1 1 1 64 0
1 1 1 65 0
1 1 1 66 0
1 1 1 67 0
1 1 1 68 0
1 1 1 69 0
1 1 1 70 0
1 1 1 71 0
1 1 1 72 0
1 1 1 73 0
1 1 1 74 0
1 1 1 75 0
1 1 1 76 0
1 1 1 77 0
1 1 1 78 0
1 1 1 79 0
1 1 1 80 0
1 1 1 81 0
1 1 1 82 0
1 1 1 83 0
1 1 1 84 0
1 1 1 85 0
1 1 1 86 0
1 1 1 87 0
1 1 1 88 0
1 1 1 89 0
1 1 1 90 0
1 1 1 91 0
1 1 1 92 0
1 1 1 93 0
1 1 1 94 0
1 1 1 95 0
1 1 1 96 0
1 1 1 97 0
1 1 1 98 0
1 1 1 99 0
1 1 1 100 0
1 1 1 101 0
1 1 1 102 0
1 1 1 103 0
1 1 1 104 0
1 1 1 105 0
1 1 1 106 0
1 1 1 107 0
1 1 1 108 0
1 1 1 109 0
1 1 1 110 0
1 1 1 111 0
1 1 1 112 0
1 1 1 113 0
1 1 1 114 0
1 1 1 115 0
1 1 1 116 0
1 1 1 117 0
1 1 1 118 0
1 1 1 119 0
1 1 1 120 0
1 1 1 121 0
1 1 1 122 0
1 1 1 123 0
1 1 1 124 0
1 1 1 125 0
1 1 1 126 0
1 1 1 127 0
1 1 1 128 0
1 1 1 129 0
1 1 1 130 0
1 1 1 131 0
1 1 1 132 0
1 1 1 133 0
1 1 1 134 0
1 1 1 135 0
1 1 1 136 0
1 1 1 137 0
1 1 1 138 0
1 1 1 139 0
1 1 1 140 0
1 1 1 141 0
1 1 1 142 0
1 1 1 143 0
1 1 1 144 0
1 1 1 145 0
1 1 1 146 0
1 1 1 147 0
1 1 1 148 0
1 1 1 149 0
1 1 1 150 0
1 1 1 151 0
1 1 1 152 0
1 1 1 153 0
1 1 1 154 0
1 1 1 155 0
1 1 1 156 0
1 1 1 157 0
1 1 1 158 0
1 1 1 159 0
1 1 1 160 0
1 1 1 161 0
1 1 1 162 0
1 1 1 163 0
1 1 1 164 0
1 1 1 165 0
1 1 1 166 0
1 1 1 167 0
1 1 1 168 0
1 1 1 169 0
1 1 1 170 0
1 1 1 171 0
1 1 1 172 0
1 1 1 173 0
1 1 1 174 0
1 1 1 175 0
1 1 1 176 0
1 1 1 177 0
1 1 1 178 0
1 1 1 179 0
1 1 1 180 0
1 1 1 181 0
1 1 1 182 0
1 1 1 183 0
1 1 1 184 0
1 1 1 185 0
1 1 1 186 0
1 1 1 187 0
1 1 1 188 0
1 1 1 189 0
1 1 1 190 0
1 1 1 191 0
1 1 1 192 0
1 1 1 193 0
1 1 1 194 0
1 1 1 195 0
1 1 1 196 0
1 1 1 197 0
1 1 1 198 0
1 1 1 199 0
1 1 1 200 0
1 1 1 201 0
1 1 1 202 0
1 1 1 203 0
1 1 1 204 0
1 1 1 205 0
1 1 1 206 0
1 1 1 207 0
1 1 1 208 0
1 1 1 209 0
1 1 1 210 0
1 1 1 211 0
1 1 2 211 0
1 1 3 211 0
1 1 4 211 0
1 1 5 211 0
1 1 6 211 0
1 1 7 211 0
1 1 8 211 0
1 1 9 211 0
1 1 10 211 0
1 1 11 211 0
1 1 12 211 0
1 1 13 211 0
1 1 14 211 0
1 1 15 211 0
1 1 16 211 0
1 1 17 211 0
1 1 18 211 0
1 1 19 211 0
1 1 20 211 0
1 1 21 211 0
1 1 22 211 0
1 1 23 211 0
1 1 24 211 0
1 1 25 211 0
1 1 26 211 0
1 1 27 211 0
1 1 28 211 0
1 1 29 211 0
1 1 30 211 0
1 1 31 211 0
1 1 32 211 0
1 1 33 211 0
1 1 34 211 0
1 1 35 211 0
1 1 36 211 0
1 1 37 211 0
1 1 38 211 0
1 1 39 211 0
1 1 40 211 0
1 1 41 211 0
1 1 42 211 0
1 1 43 211 0
1 1 44 211 0
1 1 45 211 0
1 1 46 211 0
1 1 47 211 0
1 1 48 211 0
1 1 49 211 0
1 1 50 211 0
1 1 51 211 0
1 1 52 211 0
1 1 53 211 0
1 1 54 211 0
1 1 55 211 0
1 1 56 211 0
1 1 57 211 0
1 1 58 211 0
1 1 59 211 0
1 1 60 211 0
1 1 61 211 0
1 1 62 211 0
1 1 63 211 0
1 1 64 211 0
1 1 65 210 0
1 1 66 211 0
1 1 67 211 0
1 1 68 211 0
1 1 69 211 0
1 1 70 211 0
1 1 71 211 0
1 1 72 211 0
1 1 73 211 0
1 1 74 211 0
1 1 75 211 0
1 1 76 211 0
1 1 77 211 0
1 1 78 211 0
1 1 79 211 0
1 1 80 211 0
1 1 81 211 0
1 1 82 211 0
1 1 83 211 0
1 1 84 211 0
1 1 85 211 0
1 1 86 211 0
1 1 87 211 0
1 1 88 211 0
1 1 89 211 0
1 1 90 211 0
1 1 91 211 0
1 1 92 211 0
1 1 93 211 0
1 1 94 211 0
1 1 95 211 0
1 1 96 211 0
1 1 97 211 0
1 1 98 211 0
1 1 99 211 0
1 1 100 211 0
1 1 101 211 0
1 1 102 211 0
1 1 103 211 0
1 1 104 211 0
1 1 105 211 0
1 1 106 211 0
1 1 107 211 0
1 1 108 211 0
1 1 109 211 0
1 1 110 211 0
1 1 111 211 0
1 1 112 211 0
1 1 113 211 0
1 1 114 211 0
1 1 115 211 0
1 1 116 211 0
1 1 117 211 0
1 1 118 211 0
1 1 119 211 0
1 1 120 211 0
1 1 121 211 0
1 1 122 211 0
1 1 123 211 0
1 1 124 211 0
1 1 125 211 0
1 1 126 211 0
1 1 127 211 0
1 1 128 211 0
1 1 129 211 0
1 1 130 211 0
1 1 131 211 0
1 1 132 211 0
1 1 133 211 0
1 1 134 211 0
1 1 135 211 0
1 1 136 211 0
1 1 137 211 0
1 1 138 211 0
1 1 139 211 0
1 1 140 211 0
1 1 141 211 0
1 1 142 211 0
1 1 143 211 0
1 1 144 211 0
1 1 145 211 0
1 1 146 211 0
1 1 147 211 0
1 1 148 211 0
1 1 149 211 0
1 1 150 211 0
1 1 151 211 0
1 1 152 211 0
1 1 153 211 0
1 1 154 211 0
1 1 155 211 0
1 1 156 211 0
1 1 157 211 0
1 1 158 211 0
1 1 159 211 0
1 1 160 211 0
1 1 161 211 0
1 1 162 211 0
1 1 163 211 0
1 1 164 211 0
1 1 165 211 0
1 1 166 211 0
1 1 167 211 0
1 1 168 211 0
1 1 169 211 0
1 1 170 211 0
1 1 171 211 0
1 1 172 211 0
1 1 173 211 0
1 1 174 211 0
1 1 175 211 0
1 1 176 211 0
1 1 177 211 0
1 1 178 211 0
1 1 179 211 0
1 1 180 211 0
1 1 181 211 0
1 1 182 211 0
1 1 183 211 0
1 1 184 211 0
1 1 185 211 0
1 1 186 211 0
1 1 187 211 0
1 1 188 211 0
1 1 189 211 0
1 1 190 211 0
1 1 191 211 0
1 1 192 211 0
1 1 193 211 0
1 1 194 211 0
1 1 195 211 0
1 1 196 211 0
1 1 197 211 0
1 1 198 211 0
1 1 199 211 0
1 1 200 211 0
1 1 201 211 0
1 1 202 211 0
1 1 202 210 0
1 1 202 209 0
1 1 202 208 0
1 1 202 207 0
1 1 202 206 0
1 1 202 205 0
1 1 202 204 0
1 1 202 203 0
1 1 202 202 0
1 1 202 201 0
1 1 202 200 0
1 1 202 199 0
1 1 202 198 0
1 1 202 197 0
1 1 202 196 0
1 1 202 195 0
1 1 202 194 0
1 1 202 193 0
1 1 202 192 0
1 1 202 191 0
1 1 202 190 0
1 1 202 189 0
1 1 202 188 0
1 1 202 187 0
1 1 202 186 0
1 1 202 185 0
1 1 202 184 0
1 1 202 183 0
1 1 202 182 0
1 1 202 181 0
1 1 202 180 0
1 1 202 179 0
1 1 202 178 0
1 1 202 177 0
1 1 202 176 0
1 1 202 175 0
1 1 202 174 0
1 1 202 173 0
1 1 202 172 0
1 1 202 171 0
1 1 202 170 0
1 1 202 169 0
1 1 202 168 0
1 1 202 167 0
1 1 202 166 0
1 1 202 165 0
1 1 202 164 0
1 1 202 163 0
1 1 202 162 0
1 1 202 161 0
1 1 202 160 0
1 1 202 159 0
1 1 202 158 0
1 1 202 157 0
1 1 202 156 0
1 1 202 155 0
1 1 202 154 0
1 1 202 153 0
1 1 202 152 0
1 1 202 151 0
1 1 202 150 0
1 1 202 149 0
1 1 202 148 0
1 1 202 147 0
1 1 202 146 0
1 1 202 145 0
1 1 202 144 0
1 1 202 143 0
1 1 202 142 0
1 1 202 141 0
1 1 202 140 0
1 1 202 139 0
1 1 202 138 0
1 1 202 137 0
1 1 202 136 0
1 1 202 135 0
1 1 202 134 0
1 1 202 133 0
1 1 202 132 0
1 1 202 131 0
1 1 202 130 0
1 1 202 129 0
1 1 202 128 0
1 1 202 127 0
1 1 202 126 0
1 1 202 125 0
1 1 202 124 0
1 1 202 123 0
1 1 202 122 0
1 1 202 121 0
1 1 202 120 0
1 1 202 119 0
1 1 202 118 0
1 1 202 117 0
1 1 202 116 0
1 1 202 115 0
1 1 202 114 0
1 1 202 113 0
1 1 202 112 0
1 1 202 111 0
1 1 202 110 0
1 1 202 109 0
1 1 202 108 0
1 1 202 107 0
1 1 202 106 0
1 1 202 105 0
1 1 202 104 0
1 1 202 103 0
1 1 202 102 0
1 1 202 101 0
1 1 202 100 0
1 1 202 99 0
1 1 202 98 0
1 1 202 97 0
1 1 202 96 0
1 1 202 95 0
1 1 202 94 0
1 1 202 93 0
1 1 202 92 0
1 1 202 91 0
1 1 202 90 0
1 1 202 89 0
1 1 202 88 0
1 1 202 87 0
1 1 202 86 0
1 1 202 85 0
1 1 202 84 0
1 1 202 83 0
1 1 202 82 0
1 1 202 81 0
1 1 202 80 0
1 1 202 79 0
1 1 202 78 0
1 1 202 77 0
1 1 202 76 0
1 1 202 75 0
1 1 202 74 0
1 1 202 73 0
1 1 202 72 0
1 1 202 71 0
1 1 202 70 0
1 1 202 69 0
1 1 202 68 0
1 1 202 67 0
1 1 202 66 0
1 1 202 65 0
1 1 202 64 0
1 1 202 63 0
1 1 202 62 0
1 1 202 61 0
1 1 202 60 0
1 1 202 59 0
1 1 202 58 0
1 1 202 57 0
1 1 202 56 0
1 1 202 55 0
1 1 202 54 0
1 1 202 53 0
1 1 202 52 0
1 1 202 51 0
1 1 202 50 0
1 1 202 49 0
1 1 202 48 0
1 1 202 47 0
1 1 202 46 0
1 1 202 45 0
1 1 202 44 0
1 1 202 43 0
1 1 202 42 0
1 1 202 41 0
1 1 202 40 0
1 1 202 39 0
1 1 202 38 0
1 1 202 37 0
1 1 202 36 0
1 1 202 35 0
1 1 202 34 0
1 1 202 33 0
1 1 202 32 0
1 1 202 31 0
1 1 202 30 0
1 1 202 29 0
1 1 202 28 0
1 1 202 27 0
1 1 202 26 0
1 1 202 25 0
1 1 202 24 0
1 1 202 23 0
1 1 202 22 0
1 1 202 21 0
1 1 202 20 0
1 1 202 19 0
1 1 202 18 0
1 1 202 17 0
1 1 202 16 0
1 1 202 15 0
1 1 201 15 0
1 1 200 15 0
1 1 201 16 0
1 1 201 17 0
1 1 200 18 0
1 1 200 19 0
1 1 201 20 0
1 1 200 21 0
1 1 200 22 0
1 1 200 23 0
1 1 200 24 0
1 1 200 25 0
1 1 200 26 0
1 1 200 27 0
1 1 200 28 0
1 1 200 29 0
1 1 200 30 0
1 1 200 31 0
1 1 201 32 0
1 1 200 33 0
1 1 200 34 0
1 1 199 35 0
1 1 200 36 0
1 1 200 37 0
1 1 199 38 0
1 1 200 39 0
1 1 200 40 0
1 1 199 41 0
1 1 200 42 0
1 1 200 43 0
1 1 200 44 0
1 1 199 45 0
1 1 200 46 0
1 1 199 47 0
1 1 200 48 0
1 1 200 49 0
1 1 200 50 0
1 1 200 51 0
1 1 200 52 0
1 1 200 53 0
1 1 200 54 0
1 1 200 55 0
1 1 201 56 0
1 1 200 57 0
1 1 200 58 0
1 1 200 59 0
1 1 200 60 0
1 1 200 61 0
1 1 200 62 0
1 1 201 63 0
1 1 200 64 0
1 1 200 65 0
1 1 201 66 0
1 1 200 67 0
1 1 201 68 0
1 1 201 69 0
1 1 200 70 0
1 1 201 71 0
1 1 201 72 0
1 1 201 73 0
1 1 201 74 0
1 1 200 75 0
1 1 201 76 0
1 1 200 77 0
1 1 201 78 0
1 1 200 79 0
1 1 201 80 0
1 1 201 81 0
1 1 201 82 0
1 1 200 83 0
1 1 199 83 0
1 1 200 84 0
1 1 200 85 0
1 1 200 86 0
1 1 199 87 0
1 1 200 88 0
1 1 199 89 0
1 1 200 90 0
1 1 200 91 0
1 1 200 92 0
1 1 200 93 0
1 1 200 94 0
1 1 201 95 0
1 1 200 96 0
1 1 199 97 0
1 1 198 97 0
1 1 199 97 0
1 1 200 98 0
1 1 200 99 0
1 1 199 100 0
1 1 200 101 0
1 1 200 102 0
1 1 199 103 0
1 1 200 103 0
1 1 201 104 0
1 1 200 105 0
1 1 199 106 0
1 1 200 107 0
1 1 199 108 0
1 1 200 109 0
1 1 200 110 0
1 1 199 111 0
1 1 200 112 0
1 1 200 113 0
1 1 200 114 0
1 1 200 115 0
1 1 200 116 0
1 1 200 117 0
1 1 200 118 0
1 1 200 119 0
1 1 200 120 0
1 1 199 121 0
1 1 200 122 0
1 1 200 123 0
1 1 200 124 0
1 1 200 125 0
1 1 200 126 0
1 1 200 127 0
1 1 200 128 0
1 1 200 129 0
1 1 199 130 0
1 1 200 131 0
1 1 200 132 0
1 1 201 133 0
1 1 200 134 0
1 1 200 135 0
1 1 200 136 0
1 1 200 137 0
1 1 200 138 0
1 1 200 139 0
1 1 200 140 0
1 1 200 141 0
1 1 201 142 0
1 1 201 143 0
1 1 200 144 0
1 1 200 145 0
1 1 200 146 0
1 1 200 147 0
1 1 200 148 0
1 1 200 149 0
1 1 200 150 0
1 1 200 151 0
1 1 201 152 0
1 1 200 153 0
1 1 200 154 0
1 1 200 155 0
1 1 200 156 0
1 1 200 157 0
1 1 201 158 0
1 1 200 159 0
1 1 200 160 0
1 1 200 161 0
1 1 201 162 0
1 1 201 163 0
1 1 201 164 0
1 1 200 165 0
1 1 200 166 0
1 1 201 167 0
1 1 200 168 0
1 1 200 169 0
1 1 200 170 0
1 1 200 171 0
1 1 200 172 0
1 1 200 173 0
1 1 200 174 0
1 1 200 175 0
1 1 201 176 0
1 1 200 177 0
1 1 200 178 0
1 1 201 179 0
1 1 200 180 0
1 1 200 181 0
1 1 201 182 0
1 1 200 183 0
1 1 200 184 0
1 1 199 185 0
1 1 200 186 0
1 1 200 187 0
1 1 200 188 0
1 1 200 189 0
1 1 199 190 0
1 1 200 191 0
1 1 200 192 0
1 1 200 193 0
1 1 200 194 0
1 1 199 195 0
1 1 199 196 0
1 1 199 197 0
1 1 198 198 0
1 1 197 198 0
1 1 196 199 0
1 1 195 199 0
1 1 194 199 0
1 1 193 199 0
1 1 192 200 0
1 1 191 200 0
1 1 190 200 0
1 1 189 200 0
1 1 188 200 0
1 1 187 200 0
1 1 186 200 0
1 1 185 200 0
1 1 184 200 0
1 1 183 200 0
1 1 182 200 0
1 1 181 201 0
1 1 180 200 0
1 1 179 201 0
1 1 178 201 0
1 1 177 201 0
1 1 176 201 0
1 1 175 201 0
1 1 174 201 0
1 1 173 201 0
1 1 172 201 0
1 1 171 201 0
1 1 170 201 0
1 1 169 201 0
1 1 168 201 0
1 1 167 201 0
1 1 166 201 0
1 1 165 201 0
1 1 164 201 0
1 1 163 201 0
1 1 162 201 0
1 1 161 202 0
1 1 160 202 0
1 1 159 202 0
1 1 158 202 0
1 1 157 201 0
1 1 156 202 0
1 1 155 202 0
1 1 154 202 0
1 1 153 202 0
1 1 152 202 0
1 1 151 202 0
1 1 150 202 0
1 1 149 201 0
1 1 148 202 0
1 1 147 202 0
1 1 146 202 0
1 1 145 202 0
1 1 144 202 0
1 1 143 202 0
1 1 142 202 0
1 1 141 202 0
1 1 140 202 0
1 1 139 203 0
1 1 138 202 0
1 1 137 202 0
1 1 136 202 0
1 1 135 203 0
1 1 134 203 0
1 1 133 203 0
1 1 132 203 0
1 1 131 203 0
1 1 130 203 0
1 1 129 202 0
1 1 128 203 0
1 1 127 203 0
1 1 126 203 0
1 1 125 203 0
1 1 124 203 0
1 1 123 203 0
1 1 122 203 0
1 1 121 203 0
1 1 120 203 0
1 1 119 203 0
1 1 118 203 0
1 1 117 203 0
1 1 116 203 0
1 1 115 203 0
1 1 114 203 0
1 1 113 204 0
1 1 112 203 0
1 1 111 203 0
1 1 110 203 0
1 1 109 204 0
1 1 108 203 0
1 1 107 204 0
1 1 106 203 0
1 1 105 204 0
1 1 104 204 0
1 1 103 204 0
1 1 102 204 0
1 1 101 204 0
1 1 100 204 0
1 1 99 204 0
1 1 98 204 0
1 1 97 203 0
1 1 96 204 0
1 1 95 204 0
1 1 94 204 0
1 1 93 204 0
1 1 92 204 0
1 1 91 203 0
1 1 90 204 0
1 1 89 204 0
1 1 88 204 0
1 1 87 204 0
1 1 86 204 0
1 1 85 204 0
1 1 84 204 0
1 1 83 204 0
1 1 82 204 0
1 1 81 205 0
1 1 80 204 0
1 1 79 204 0
1 1 78 204 0
1 1 77 204 0
1 1 76 204 0
1 1 75 204 0
1 1 74 205 0
1 1 73 205 0
1 1 72 205 0
1 1 71 205 0
1 1 70 205 0
1 1 69 205 0
1 1 68 205 0
1 1 67 205 0
1 1 66 205 0
1 1 65 205 0
1 1 64 205 0
1 1 63 205 0
1 1 62 205 0
1 1 61 205 0
1 1 60 205 0
1 1 59 205 0
1 1 58 205 0
1 1 57 205 0
1 1 56 205 0
1 1 55 205 0
1 1 54 205 0
1 1 53 205 0
1 1 52 205 0
1 1 51 205 0
1 1 50 205 0
1 1 49 205 0
1 1 48 205 0
1 1 47 205 0
1 1 46 205 0
1 1 45 204 0
1 1 44 205 0
1 1 43 205 0
1 1 42 204 0
1 1 41 203 0
1 1 40 203 0
1 1 39 203 0
1 1 38 202 0
1 1 39 201 0
1 1 39 200 0
1 1 38 199 0
1 1 38 198 0
1 1 38 197 0
1 1 37 196 0
1 1 37 195 0
1 1 36 194 0
1 1 36 193 0
1 1 35 194 0
1 1 34 194 0
1 1 34 195 0
1 1 34 196 0
1 1 34 197 0
1 1 33 198 0
1 1 33 199 0
1 1 33 200 0
1 1 33 201 0
1 1 33 202 0
1 1 32 203 0
1 1 33 204 0
1 1 32 205 0
1 1 31 205 0
1 1 30 206 0
1 1 29 206 0
1 1 28 206 0
1 1 27 206 0
1 1 26 206 0
1 1 25 206 0
1 1 24 206 0
1 1 23 206 0
1 1 22 206 0
1 1 21 206 0
1 1 20 206 0
1 1 19 206 0
1 1 18 206 0
1 1 17 206 0
1 1 16 206 0
1 1 15 206 0
1 1 14 206 0
1 1 13 207 0
1 1 12 206 0
1 1 11 206 0
1 1 10 206 0
1 1 9 206 0
1 1 8 205 0
1 1 7 204 0
1 1 7 203 0
1 1 6 202 0
1 1 6 201 0
1 1 6 200 0
1 1 6 199 0
1 1 6 198 0
1 1 6 197 0
1 1 7 196 0
1 1 8 196 0
1 1 7 195 0
1 1 6 194 0
1 1 6 193 0
1 1 6 192 0
1 1 6 191 0
1 1 6 190 0
1 1 6 189 0
1 1 6 188 0
1 1 5 187 0
1 1 6 186 0
1 1 6 185 0
1 1 6 184 0
1 1 6 183 0
1 1 5 182 0
1 1 5 181 0
1 1 5 180 0
1 1 6 179 0
1 1 5 178 0
1 1 6 177 0
1 1 5 176 0
1 1 6 175 0
1 1 5 174 0
1 1 5 173 0
1 1 5 172 0
1 1 5 171 0
1 1 5 170 0
1 1 5 169 0
1 1 5 168 0
1 1 4 167 0
1 1 5 166 0
1 1 5 165 0
1 1 5 164 0
1 1 5 163 0
1 1 5 162 0
1 1 6 161 0
1 1 5 160 0
1 1 5 159 0
1 1 5 158 0
1 1 5 157 0
1 1 6 156 0
1 1 5 155 0
1 1 6 154 0
1 1 5 153 0
1 1 5 152 0
1 1 5 151 0
1 1 5 150 0
1 1 5 149 0
1 1 4 148 0
1 1 5 147 0
1 1 5 146 0
1 1 5 145 0
1 1 4 144 0
1 1 5 143 0
1 1 4 142 0
1 1 5 141 0
1 1 5 140 0
1 1 5 139 0
1 1 5 138 0
1 1 5 137 0
1 1 4 136 0
1 1 5 135 0
1 1 4 134 0
1 1 5 133 0
1 1 4 132 0
1 1 5 131 0
1 1 5 130 0
1 1 5 129 0
1 1 5 128 0
1 1 6 127 0
1 1 5 126 0
1 1 5 125 0
1 1 5 124 0
1 1 5 123 0
1 1 6 122 0
1 1 6 121 0
1 1 6 120 0
1 1 5 119 0
1 1 5 118 0
1 1 5 117 0
1 1 5 116 0
1 1 6 115 0
1 1 6 114 0
1 1 6 113 0
1 1 5 112 0
1 1 5 111 0
1 1 5 110 0
1 1 6 109 0
1 1 5 108 0
1 1 5 107 0
1 1 5 106 0
1 1 6 105 0
1 1 6 104 0
1 1 6 103 0
1 1 5 102 0
1 1 5 101 0
1 1 5 100 0
1 1 4 99 0
1 1 4 98 0
1 1 4 97 0
1 1 4 96 0
1 1 4 95 0
1 1 5 94 0
1 1 4 93 0
1 1 5 92 0
1 1 6 91 0
1 1 5 90 0
1 1 4 89 0
1 1 5 88 0
1 1 6 87 0
1 1 5 86 0
1 1 5 85 0
1 1 4 84 0
1 1 5 83 0
1 1 5 82 0
1 1 5 81 0
1 1 6 80 0
1 1 5 79 0
1 1 5 78 0
1 1 6 77 0
1 1 5 76 0
1 1 5 75 0
1 1 6 74 0
1 1 5 73 0
1 1 6 72 0
1 1 5 71 0
1 1 5 70 0
1 1 5 69 0
1 1 5 68 0
1 1 6 67 0
1 1 5 66 0
1 1 5 65 0
1 1 5 64 0
1 1 5 63 0
1 1 5 62 0
1 1 5 61 0
1 1 6 60 0
1 1 5 60 0
1 1 4 59 0
1 1 5 58 0
1 1 5 57 0
1 1 6 56 0
1 1 5 55 0
1 1 6 54 0
1 1 7 53 0
1 1 8 53 0
1 1 9 52 0
1 1 10 52 0
1 1 11 51 0
1 1 12 52 0
1 1 13 51 0
1 1 14 52 0
1 1 15 52 0
1 1 16 52 0
1 1 17 51 0
1 1 18 51 0
1 1 19 51 0
1 1 20 50 0
1 1 21 49 0
1 1 20 48 0
1 1 19 47 0
1 1 18 46 0
1 1 17 46 0
1 1 16 46 0
1 1 15 46 0
1 1 14 45 0
1 1 13 45 0
1 1 12 46 0
1 1 11 45 0
1 1 10 45 0
1 1 9 45 0
1 1 8 45 0
1 1 7 45 0
1 1 6 44 0
1 1 6 43 0
1 1 5 42 0
1 1 5 41 0
1 1 5 40 0
1 1 6 39 0
1 1 6 38 0
1 1 6 37 0
1 1 6 36 0
1 1 6 35 0
1 1 7 34 0
1 1 8 35 0
1 1 9 35 0
1 1 10 34 0
1 1 11 34 0
1 1 12 33 0
1 1 13 34 0
1 1 14 34 0
1 1 15 34 0
1 1 16 33 0
1 1 17 33 0
1 1 18 33 0
1 1 19 33 0
1 1 20 33 0
1 1 21 32 0
1 1 21 31 0
1 1 21 30 0
1 1 20 30 0
1 1 19 30 0
1 1 18 29 0
1 1 18 28 0
1 1 17 28 0
1 1 16 28 0
1 1 15 27 0
1 1 14 27 0
1 1 13 27 0
1 1 12 27 0
1 1 11 27 0
1 1 10 27 0
1 1 9 26 0
1 1 8 27 0
1 1 7 26 0
1 1 6 25 0
1 1 6 24 0
1 1 6 23 0
1 1 6 22 0
1 1 6 21 0
1 1 7 20 0
1 1 6 20 0
1 1 5 19 0
1 1 6 18 0
1 1 5 17 0
1 1 6 16 0
1 1 7 15 0
1 1 8 14 0
1 1 9 13 0
1 1 10 12 0
1 1 11 11 0
1 1 12 12 0
1 1 13 11 0
1 1 14 11 0
1 1 15 11 0
1 1 16 11 0
1 1 17 11 0
1 1 18 11 0
1 1 19 11 0
1 1 20 11 0
1 1 21 11 0
1 1 22 11 0
1 1 23 12 0
1 1 24 11 0
1 1 25 11 0
1 1 26 12 0
1 1 27 11 0
1 1 28 11 0
1 1 29 11 0
1 1 30 11 0
1 1 31 12 0
1 1 32 12 0
1 1 33 11 0
1 1 34 11 0
1 1 35 11 0
1 1 36 11 0
1 1 37 11 0
1 1 38 11 0
1 1 39 11 0
1 1 40 11 0
1 1 41 11 0
1 1 42 11 0
1 1 43 11 0
1 1 44 11 0
1 1 45 11 0
1 1 46 11 0
1 1 47 12 0
1 1 48 11 0
1 1 49 11 0
1 1 50 11 0
1 1 51 10 0
1 1 52 11 0
1 1 53 11 0
1 1 54 11 0
1 1 55 11 0
1 1 56 11 0
1 1 57 11 0
1 1 58 12 0
1 1 59 11 0
1 1 60 11 0
1 1 61 12 0
1 1 62 11 0
1 1 63 11 0
1 1 64 11 0
1 1 65 11 0
1 1 66 11 0
1 1 67 10 0
1 1 68 11 0
1 1 69 11 0
1 1 70 12 0
1 1 71 11 0
1 1 72 10 0
1 1 73 11 0
1 1 74 11 0
1 1 75 11 0
1 1 76 11 0
1 1 77 11 0
1 1 78 11 0
1 1 79 11 0
1 1 80 10 0
1 1 81 10 0
1 1 82 11 0
1 1 83 11 0
1 1 84 11 0
1 1 85 10 0
1 1 86 11 0
1 1 87 11 0
1 1 88 10 0
1 1 89 10 0
1 1 90 11 0
1 1 91 10 0
1 1 92 11 0
1 1 93 11 0
1 1 94 11 0
1 1 95 11 0
1 1 96 10 0
1 1 97 11 0
1 1 98 11 0
1 1 99 11 0
1 1 100 10 0
1 1 101 10 0
1 1 102 11 0
1 1 103 11 0
1 1 104 11 0
1 1 105 11 0
1 1 106 10 0
1 1 107 10 0
1 1 108 11 0
1 1 109 11 0
1 1 110 11 0
1 1 111 10 0
1 1 112 11 0
1 1 113 11 0
1 1 114 10 0
1 1 115 11 0
1 1 116 10 0
1 1 117 11 0
1 1 118 11 0
1 1 119 11 0
1 1 120 11 0
1 1 121 11 0
1 1 122 11 0
1 1 123 10 0
1 1 124 11 0
1 1 125 11 0
1 1 126 11 0
1 1 127 11 0
1 1 128 11 0
1 1 129 11 0
1 1 130 10 0
1 1 131 11 0
1 1 132 11 0
1 1 133 11 0
1 1 134 11 0
1 1 135 11 0
1 1 136 11 0
1 1 137 11 0
1 1 138 11 0
1 1 139 10 0
1 1 140 11 0
1 1 141 11 0
1 1 142 10 0
1 1 143 11 0
1 1 144 11 0
1 1 145 11 0
1 1 146 11 0
1 1 147 11 0
1 1 148 11 0
1 1 149 12 0
1 1 150 12 0
1 1 151 13 0
1 1 151 14 0
1 1 150 15 0
1 1 150 16 0
1 1 149 17 0
1 1 150 18 0
1 1 150 19 0
1 1 151 20 0
1 1 150 21 0
1 1 151 22 0
1 1 152 22 0
1 1 153 23 0
1 1 154 22 0
1 1 155 23 0
1 1 156 23 0
1 1 157 23 0
1 1 156 23 0
1 1 155 22 0
1 1 156 21 0
1 1 155 20 0
1 1 155 19 0
1 1 155 18 0
1 1 156 17 0
1 1 156 16 0
1 1 155 15 0
1 1 155 14 0
1 1 156 13 0
1 1 157 12 0
1 1 158 12 0
1 1 159 11 0
1 1 160 12 0
1 1 161 11 0
1 1 162 11 0
1 1 163 11 0
1 1 164 12 0
1 1 165 11 0
1 1 166 12 0
1 1 167 13 0
1 1 168 14 0
1 1 167 15 0
1 1 167 16 0
1 1 168 17 0
1 1 168 18 0
1 1 167 19 0
1 1 168 20 0
1 1 168 21 0
1 1 169 22 0
1 1 170 21 0
1 1 171 21 0
1 1 172 22 0
1 1 173 21 0
1 1 174 20 0
1 1 174 19 0
1 1 173 19 0
1 1 172 18 0
1 1 173 17 0
1 1 174 16 0
1 1 173 15 0
1 1 173 14 0
1 1 174 13 0
1 1 175 12 0
1 1 176 12 0
1 1 177 12 0
1 1 178 11 0
1 1 179 12 0
1 1 180 12 0
1 1 181 12 0
1 1 182 12 0
1 1 183 11 0
1 1 184 12 0
1 1 185 12 0
1 1 186 12 0
1 1 187 11 0
1 1 188 12 0
1 1 189 11 0
1 1 190 12 0
1 1 191 12 0
1 1 192 12 0
1 1 193 13 0
1 1 194 12 0
1 1 195 12 0
1 1 196 12 0
1 1 197 12 0
1 1 198 12 0
1 1 199 13 0
1 1 200 12 0
1 1 201 13 0
1 1 202 13 0
1 1 202 12 0
1 1 202 11 0
1 1 202 10 0
1 1 202 9 0
1 1 202 8 0
1 1 202 7 0
1 1 202 6 0
1 1 202 5 0
1 1 202 4 0
1 1 202 3 0
1 1 202 2 0
1 1 202 1 0
1 1 201 1 0
1 1 200 1 0
1 1 199 1 0
1 1 198 1 0
1 1 197 1 0
1 1 196 1 0
1 1 195 1 0
1 1 194 1 0
1 1 193 1 0
1 1 192 1 0
1 1 191 1 0
1 1 190 1 0
1 1 189 1 0
1 1 188 1 0
1 1 187 1 0
1 1 186 1 0
1 1 185 1 0
1 1 184 1 0
1 1 183 1 0
1 1 182 1 0
1 1 181 1 0
1 1 180 1 0
1 1 179 1 0
1 1 178 1 0
1 1 177 1 0
1 1 176 1 0
1 1 175 1 0
1 1 174 1 0
1 1 173 1 0
1 1 172 1 0
1 1 171 1 0
1 1 170 1 0
1 1 169 1 0
1 1 168 1 0
1 1 167 1 0
1 1 166 1 0
1 1 165 1 0
1 1 164 1 0
1 1 163 1 0
1 1 162 1 0
1 1 161 1 0
1 1 160 1 0
1 1 159 1 0
1 1 158 1 0
1 1 157 1 0
1 1 156 1 0
1 1 155 1 0
1 1 154 1 0
1 1 153 1 0
1 1 152 1 0
1 1 151 1 0
1 1 150 1 0
1 1 149 1 0
1 1 148 1 0
1 1 147 1 0
1 1 146 1 0
1 1 145 1 0
1 1 144 1 0
1 1 143 1 0
1 1 142 1 0
1 1 141 1 0
1 1 140 1 0
1 1 139 1 0
1 1 138 1 0
1 1 137 1 0
1 1 136 1 0
1 1 135 1 0
1 1 134 1 0
1 1 133 1 0
1 1 132 1 0
1 1 131 1 0
1 1 130 1 0
1 1 129 1 0
1 1 128 1 0
1 1 127 1 0
1 1 126 1 0
1 1 125 1 0
1 1 124 1 0
1 1 123 1 0
1 1 122 1 0
1 1 121 1 0
1 1 120 1 0
1 1 119 1 0
1 1 118 1 0
1 1 117 1 0
1 1 116 1 0
1 1 115 1 0
1 1 114 1 0
1 1 113 1 0
1 1 112 1 0
1 1 111 1 0
1 1 110 1 0
1 1 109 1 0
1 1 108 1 0
1 1 107 1 0
1 1 106 1 0
1 1 105 1 0
1 1 104 1 0
1 1 103 1 0
1 1 102 1 0
1 1 101 1 0
1 1 100 1 0
1 1 99 1 0
1 1 98 1 0
1 1 97 1 0
1 1 96 1 0
1 1 95 1 0
1 1 94 1 0
1 1 93 1 0
1 1 92 1 0
1 1 91 1 0
1 1 90 1 0
1 1 89 1 0
1 1 88 1 0
1 1 87 1 0
1 1 86 1 0
1 1 85 1 0
1 1 84 1 0
1 1 83 1 0
1 1 82 1 0
1 1 81 1 0
1 1 80 1 0
1 1 79 1 0
1 1 78 1 0
1 1 77 1 0
1 1 76 1 0
1 1 75 1 0
1 1 74 1 0
1 1 73 1 0
1 1 72 1 0
1 1 71 1 0
1 1 70 1 0
1 1 69 1 0
1 1 68 1 0
1 1 67 1 0
1 1 66 1 0
1 1 65 1 0
1 1 64 1 0
1 1 63 1 0
1 1 62 1 0
1 1 61 1 0
1 1 60 1 0
1 1 59 1 0
1 1 58 1 0
1 1 57 1 0
1 1 56 1 0
1 1 55 1 0
1 1 54 1 0
1 1 53 1 0
1 1 52 1 0
1 1 51 1 0
1 1 50 1 0
1 1 49 1 0
1 1 48 1 0
1 1 47 1 0
1 1 46 1 0
1 1 45 1 0
1 1 44 1 0
1 1 43 1 0
1 1 42 1 0
1 1 41 1 0
1 1 40 1 0
1 1 39 1 0
1 1 38 1 0
1 1 37 1 0
1 1 36 1 0
1 1 35 1 0
1 1 34 1 0
1 1 33 1 0
1 1 32 1 0
1 1 31 1 0
1 1 30 1 0
1 1 29 1 0
1 1 28 1 0
1 1 27 1 0
1 1 26 1 0
1 1 25 1 0
1 1 24 1 0
1 1 23 1 0
1 1 22 1 0
1 1 21 1 0
1 1 20 1 0
1 1 19 1 0
1 1 18 1 0
1 1 17 1 0
1 1 16 1 0
1 1 15 1 0
1 1 14 1 0
1 1 13 1 0
1 1 12 1 0
1 1 11 1 0
1 1 10 1 0
1 1 9 1 0
1 1 8 1 0
1 1 7 1 0
1 1 6 1 0
1 1 5 1 0
1 1 4 1 0
1 1 3 1 0
1 1 2 1 0
1 1 1 1 0
1 2 1 1 24
1 2 1 2 24
1 2 1 3 24
1 2 1 4 24
1 2 1 5 24
1 2 1 6 24
1 2 1 7 24
1 2 1 8 24
1 2 1 9 24
1 2 1 10 24
1 2 1 11 24
1 2 1 12 24
1 2 1 13 24
1 2 1 14 24
1 2 1 15 24
1 2 1 16 24
1 2 1 17 24
1 2 1 18 24
1 2 1 19 24
1 2 1 20 24
1 2 1 21 24
1 2 1 22 24
1 2 1 23 24
1 2 1 24 24
1 2 1 25 24
1 2 1 26 24
1 2 1 27 24
1 2 1 28 24
1 2 1 29 24
1 2 1 30 24
1 2 1 31 24
1 2 1 32 24
1 2 1 33 24
1 2 1 34 24
1 2 1 35 24
1 2 1 36 24
1 2 1 37 24
1 2 1 38 24
1 2 1 39 24
1 2 1 40 24
1 2 1 41 24
1 2 1 42 24
1 2 1 43 24
1 2 1 44 24
1 2 1 45 24
1 2 1 46 24
1 2 1 47 24
1 2 1 48 24
1 2 1 49 24
1 2 1 50 24
1 2 1 51 24
1 2 1 52 24
1 2 1 53 24
1 2 1 54 24
1 2 1 55 24
1 2 1 56 24
1 2 1 57 24
1 2 1 58 24
1 2 1 59 24
1 2 1 60 24
1 2 1 61 24
1 2 1 62 24
1 2 1 63 24
1 2 1 64 24
1 2 1 65 24
1 2 1 66 24
1 2 1 67 24
1 2 1 68 24
1 2 1 69 24
1 2 1 70 24
1 2 1 71 24
1 2 1 72 24
1 2 1 73 24
1 2 1 74 24
1 2 1 75 24
1 2 1 76 24
1 2 1 77 24
1 2 1 78 24
1 2 1 79 24
1 2 1 80 24
1 2 1 81 24
1 2 1 82 24
1 2 1 83 24
1 2 1 84 24
1 2 1 85 24
1 2 1 86 24
1 2 1 87 24
1 2 1 88 24
1 2 1 89 24
1 2 1 90 24
1 2 1 91 24
1 2 1 92 24
1 2 1 93 24
1 2 1 94 24
1 2 1 95 24
1 2 1 96 24
1 2 1 97 24
1 2 1 98 24
1 2 1 99 24
1 2 1 100 24
1 2 1 101 24
1 2 1 102 24
1 2 1 103 24
1 2 1 104 24
1 2 1 105 24
1 2 1 106 24
1 2 1 107 24
1 2 1 108 24
1 2 1 109 24
1 2 1 110 24
1 2 1 111 24
1 2 1 112 24
1 2 1 113 24
1 2 1 114 24
1 2 1 115 24
1 2 1 116 24
1 2 1 117 24
1 2 1 118 24
1 2 1 119 24
1 2 1 120 24
1 2 1 121 24
1 2 1 122 24
1 2 1 123 24
1 2 1 124 24
1 2 1 125 24
1 2 1 126 24
1 2 1 127 24
1 2 1 128 24
1 2 1 129 24
1 2 1 130 24
1 2 1 131 24
1 2 1 132 24
1 2 1 133 24
1 2 1 134 24
1 2 1 135 24
1 2 1 136 24
1 2 1 137 24
1 2 1 138 24
1 2 1 139 24
1 2 1 140 24
1 2 1 141 24
1 2 1 142 24
1 2 1 143 24
1 2 1 144 24
1 2 1 145 24
1 2 1 146 24
1 2 1 147 24
1 2 1 148 24
1 2 1 149 24
1 2 1 150 24
1 2 1 151 24
1 2 1 152 24
1 2 1 153 24
1 2 1 154 24
1 2 1 155 24
1 2 1 156 24
1 2 1 157 24
1 2 1 158 24
1 2 1 159 24
1 2 1 160 24
1 2 1 161 24
1 2 1 162 24
1 2 1 163 24
1 2 1 164 24
1 2 1 165 24
1 2 1 166 24
1 2 1 167 24
1 2 1 168 24
1 2 1 169 24
1 2 1 170 24
1 2 1 171 24
1 2 1 172 24
1 2 1 173 24
1 2 1 174 24
1 2 1 175 24
1 2 1 176 24
1 2 1 177 24
1 2 1 178 24
1 2 1 179 24
1 2 1 180 24
1 2 1 181 24
1 2 1 182 24
1 2 1 183 24
1 2 1 184 24
1 2 1 185 24
1 2 1 186 24
1 2 1 187 24
1 2 1 188 24
1 2 1 189 24
1 2 1 190 24
1 2 1 191 24
1 2 1 192 24
1 2 1 193 24
1 2 1 194 24
1 2 1 195 24
1 2 1 196 24
1 2 1 197 24
1 2 1 198 24
1 2 1 199 24
1 2 1 200 24
1 2 1 201 24
1 2 1 202 24
1 2 1 203 24
1 2 1 204 24
1 2 1 205 24
1 2 1 206 24
1 2 1 207 24
1 2 1 208 24
1 2 1 209 24
1 2 1 210 24
1 2 1 211 24
1 2 2 211 24
1 2 3 211 24
1 2 4 211 24
1 2 5 211 24
1 2 6 211 24
1 2 7 211 24
1 2 8 211 24
1 2 9 211 24
1 2 10 211 24
1 2 11 211 24
1 2 12 211 24
1 2 13 211 24
1 2 14 211 24
1 2 15 211 24
1 2 16 211 24
1 2 17 211 24
1 2 18 211 24
1 2 19 211 24
1 2 20 211 24
1 2 21 211 24
1 2 22 211 24
1 2 23 211 24
1 2 24 211 24
1 2 25 211 24
1 2 26 211 24
1 2 27 211 24
1 2 28 211 24
1 2 29 211 24
1 2 30 211 24
1 2 31 211 24
1 2 32 211 24
1 2 33 211 24
1 2 34 211 24
1 2 35 211 24
1 2 36 211 24
1 2 37 211 24
1 2 38 211 24
1 2 39 211 24
1 2 40 211 24
1 2 41 211 24
1 2 42 211 24
1 2 43 211 24
1 2 44 211 24
1 2 45 211 24
1 2 46 211 24
1 2 47 211 24
1 2 48 211 24
1 2 49 211 24
1 2 50 211 24
1 2 51 211 24
1 2 52 211 24
1 2 53 211 24
1 2 54 211 24
1 2 55 211 24
1 2 56 211 24
1 2 57 211 24
1 2 58 211 24
1 2 59 211 24
1 2 60 211 24
1 2 61 211 24
1 2 62 211 24
1 2 63 211 24
1 2 64 211 24
1 2 65 210 24
1 2 66 211 24
1 2 67 211 24
1 2 68 211 24
1 2 69 211 24
1 2 70 211 24
1 2 71 211 24
1 2 72 211 24
1 2 73 211 24
1 2 74 211 24
1 2 75 211 24
1 2 76 211 24
1 2 77 211 24
1 2 78 211 24
1 2 79 211 24
1 2 80 211 24
1 2 81 211 24
1 2 82 211 24
1 2 83 211 24
1 2 84 211 24
1 2 85 211 24
1 2 86 211 24
1 2 87 211 24
1 2 88 211 24
1 2 89 211 24
1 2 90 211 24
1 2 91 211 24
1 2 92 211 24
1 2 93 211 24
1 2 94 211 24
1 2 95 211 24
1 2 96 211 24
1 2 97 211 24
1 2 98 211 24
1 2 99 211 24
1 2 100 211 24
1 2 101 211 24
1 2 102 211 24
1 2 103 211 24
1 2 104 211 24
1 2 105 211 24
1 2 106 211 24
1 2 107 211 24
1 2 108 211 24
1 2 109 211 24
1 2 110 211 24
1 2 111 211 24
1 2 112 211 24
1 2 113 211 24
1 2 114 211 24
1 2 115 211 24
1 2 116 211 24
1 2 117 211 24
1 2 118 211 24
1 2 119 211 24
1 2 120 211 24
1 2 121 211 24
1 2 122 211 24
1 2 123 211 24
1 2 124 211 24
1 2 125 211 24
1 2 126 211 24
1 2 127 211 24
1 2 128 211 24
1 2 129 211 24
1 2 130 211 24
1 2 131 211 24
1 2 132 211 24
1 2 133 211 24
1 2 134 211 24
1 2 135 211 24
1 2 136 211 24
1 2 137 211 24
1 2 138 211 24
1 2 139 211 24
1 2 140 211 24
1 2 141 211 24
1 2 142 211 24
1 2 143 211 24
1 2 144 211 24
1 2 145 211 24
1 2 146 211 24
1 2 147 211 24
1 2 148 211 24
1 2 149 211 24
1 2 150 211 24
1 2 151 211 24
1 2 152 211 24
1 2 153 211 24
1 2 154 211 24
1 2 155 211 24
1 2 156 211 24
1 2 157 211 24
1 2 158 211 24
1 2 159 211 24
1 2 160 211 24
1 2 161 211 24
1 2 162 211 24
1 2 163 211 24
1 2 164 211 24
1 2 165 211 24
1 2 166 211 24
1 2 167 211 24
1 2 168 211 24
1 2 169 211 24
1 2 170 211 24
1 2 171 211 24
1 2 172 211 24
1 2 173 211 24
1 2 174 211 24
1 2 175 211 24
1 2 176 211 24
1 2 177 211 24
1 2 178 211 24
1 2 179 211 24
1 2 180 211 24
1 2 181 211 24
1 2 182 211 24
1 2 183 211 24
1 2 184 211 24
1 2 185 211 24
1 2 186 211 24
1 2 187 211 24
1 2 188 211 24
1 2 189 211 24
1 2 190 211 24
1 2 191 211 24
1 2 192 211 24
1 2 193 211 24
1 2 194 211 24
1 2 195 211 24
1 2 196 211 24
1 2 197 211 24
1 2 198 211 24
1 2 199 211 24
1 2 200 211 24
1 2 201 211 24
1 2 202 211 24
1 2 202 210 24
1 2 202 209 24
1 2 202 208 24
1 2 202 207 24
1 2 202 206 24
1 2 202 205 24
1 2 202 204 24
1 2 202 203 24
1 2 202 202 24
1 2 202 201 24
1 2 202 200 24
1 2 202 199 24
1 2 202 198 24
1 2 202 197 24
1 2 202 196 24
1 2 202 195 24
1 2 202 194 24
1 2 202 193 24
1 2 202 192 24
1 2 202 191 24
1 2 202 190 24
1 2 202 189 24
1 2 202 188 24
1 2 202 187 24
1 2 202 186 24
1 2 202 185 24
1 2 202 184 24
1 2 202 183 24
1 2 202 182 24
1 2 202 181 24
1 2 202 180 24
1 2 202 179 24
1 2 202 178 24
1 2 202 177 24
1 2 202 176 24
1 2 202 175 24
1 2 202 174 24
1 2 202 173 24
1 2 202 172 24
1 2 202 171 24
1 2 202 170 24
1 2 202 169 24
1 2 202 168 24
1 2 202 167 24
1 2 202 166 24
1 2 202 165 24
1 2 202 164 24
1 2 202 163 24
1 2 202 162 24
1 2 202 161 24
1 2 202 160 24
1 2 202 159 24
1 2 202 158 24
1 2 202 157 24
1 2 202 156 24
1 2 202 155 24
1 2 202 154 24
1 2 202 153 24
1 2 202 152 24
1 2 202 151 24
1 2 202 150 24
1 2 202 149 24
1 2 202 148 24
1 2 202 147 24
1 2 202 146 24
1 2 202 145 24
1 2 202 144 24
1 2 202 143 24
1 2 202 142 24
1 2 202 141 24
1 2 202 140 24
1 2 202 139 24
1 2 202 138 24
1 2 202 137 24
1 2 202 136 24
1 2 202 135 24
1 2 202 134 24
1 2 202 133 24
1 2 202 132 24
1 2 202 131 24
1 2 202 130 24
1 2 202 129 24
1 2 202 128 24
1 2 202 127 24
1 2 202 126 24
1 2 202 125 24
1 2 202 124 24
1 2 202 123 24
1 2 202 122 24
1 2 202 121 24
1 2 202 120 24
1 2 202 119 24
1 2 202 118 24
1 2 202 117 24
1 2 202 116 24
1 2 202 115 24
1 2 202 114 24
1 2 202 113 24
1 2 202 112 24
1 2 202 111 24
1 2 202 110 24
1 2 202 109 24
1 2 202 108 24
1 2 202 107 24
1 2 202 106 24
1 2 202 105 24
1 2 202 104 24
1 2 202 103 24
1 2 202 102 24
1 2 202 101 24
1 2 202 100 24
1 2 202 99 24
1 2 202 98 24
1 2 202 97 24
1 2 202 96 24
1 2 202 95 24
1 2 202 94 24
1 2 202 93 24
1 2 202 92 24
1 2 202 91 24
1 2 202 90 24
1 2 202 89 24
1 2 202 88 24
1 2 202 87 24
1 2 202 86 24
1 2 202 85 24
1 2 202 84 24
1 2 202 83 24
1 2 202 82 24
1 2 202 81 24
1 2 202 80 24
1 2 202 79 24
1 2 202 78 24
1 2 202 77 24
1 2 202 76 24
1 2 202 75 24
1 2 202 74 24
1 2 202 73 24
1 2 202 72 24
1 2 202 71 24
1 2 202 70 24
1 2 202 69 24
1 2 202 68 24
1 2 202 67 24
1 2 202 66 24
1 2 202 65 24
1 2 202 64 24
1 2 202 63 24
1 2 202 62 24
1 2 202 61 24
1 2 202 60 24
1 2 202 59 24
1 2 202 58 24
1 2 202 57 24
1 2 202 56 24
1 2 202 55 24
1 2 202 54 24
1 2 202 53 24
1 2 202 52 24
1 2 202 51 24
1 2 202 50 24
1 2 202 49 24
1 2 202 48 24
1 2 202 47 24
1 2 202 46 24
1 2 202 45 24
1 2 202 44 24
1 2 202 43 24
1 2 202 42 24
1 2 202 41 24
1 2 202 40 24
1 2 202 39 24
1 2 202 38 24
1 2 202 37 24
1 2 202 36 24
1 2 202 35 24
1 2 202 34 24
1 2 202 33 24
1 2 202 32 24
1 2 202 31 24
1 2 202 30 24
1 2 202 29 24
1 2 202 28 24
1 2 202 27 24
1 2 202 26 24
1 2 202 25 24
1 2 202 24 24
1 2 202 23 24
1 2 202 22 24
1 2 202 21 24
1 2 202 20 24
1 2 202 19 24
1 2 202 18 24
1 2 202 17 24
1 2 202 16 24
1 2 202 15 24
1 2 201 15 24
1 2 200 15 24
1 2 201 16 24
1 2 201 17 24
1 2 200 18 24
1 2 200 19 24
1 2 201 20 24
1 2 200 21 24
1 2 200 22 24
1 2 200 23 24
1 2 200 24 24
1 2 200 25 24
1 2 200 26 24
1 2 200 27 24
1 2 200 28 24
1 2 200 29 24
1 2 200 30 24
1 2 200 31 24
1 2 201 32 24
1 2 200 33 24
1 2 200 34 24
1 2 199 35 24
1 2 200 36 24
1 2 200 37 24
1 2 199 38 24
1 2 200 39 24
1 2 200 40 24
1 2 199 41 24
1 2 200 42 24
1 2 200 43 24
1 2 200 44 24
1 2 199 45 24
1 2 200 46 24
1 2 199 47 24
1 2 200 48 24
1 2 200 49 24
1 2 200 50 24
1 2 200 51 24
1 2 200 52 24
1 2 200 53 24
1 2 200 54 24
1 2 200 55 24
1 2 201 56 24
1 2 200 57 24
1 2 200 58 24
1 2 200 59 24
1 2 200 60 24
1 2 200 61 24
1 2 200 62 24
1 2 201 63 24
1 2 200 64 24
1 2 200 65 24
1 2 201 66 24
1 2 200 67 24
1 2 201 68 24
1 2 201 69 24
1 2 200 70 24
1 2 201 71 24
1 2 201 72 24
1 2 201 73 24
1 2 201 74 24
1 2 200 75 24
1 2 201 76 24
1 2 200 77 24
1 2 201 78 24
1 2 200 79 24
1 2 201 80 24
1 2 201 81 24
1 2 201 82 24
1 2 200 83 24
1 2 199 83 24
1 2 200 84 24
1 2 200 85 24
1 2 200 86 24
1 2 199 87 24
1 2 200 88 24
1 2 199 89 24
1 2 200 90 24
1 2 200 91 24
1 2 200 92 24
1 2 200 93 24
1 2 200 94 24
1 2 201 95 24
1 2 200 96 24
1 2 199 97 24
1 2 198 97 24
1 2 199 97 24
1 2 200 98 24
1 2 200 99 24
1 2 199 100 24
1 2 200 101 24
1 2 200 102 24
1 2 199 103 24
1 2 200 103 24
1 2 201 104 24
1 2 200 105 24
1 2 199 106 24
1 2 200 107 24
1 2 199 108 24
1 2 200 109 24
1 2 200 110 24
1 2 199 111 24
1 2 200 112 24
1 2 200 113 24
1 2 200 114 24
1 2 200 115 24
1 2 200 116 24
1 2 200 117 24
1 2 200 118 24
1 2 200 119 24
1 2 200 120 24
1 2 199 121 24
1 2 200 122 24
1 2 200 123 24
1 2 200 124 24
1 2 200 125 24
1 2 200 126 24
1 2 200 127 24
1 2 200 128 24
1 2 200 129 24
1 2 199 130 24
1 2 200 131 24
1 2 200 132 24
1 2 201 133 24
1 2 200 134 24
1 2 200 135 24
1 2 200 136 24
1 2 200 137 24
1 2 200 138 24
1 2 200 139 24
1 2 200 140 24
1 2 200 141 24
1 2 201 142 24
1 2 201 143 24
1 2 200 144 24
1 2 200 145 24
1 2 200 146 24
1 2 200 147 24
1 2 200 148 24
1 2 200 149 24
1 2 200 150 24
1 2 200 151 24
1 2 201 152 24
1 2 200 153 24
1 2 200 154 24
1 2 200 155 24
1 2 200 156 24
1 2 200 157 24
1 2 201 158 24
1 2 200 159 24
1 2 200 160 24
1 2 200 161 24
1 2 201 162 24
1 2 201 163 24
1 2 201 164 24
1 2 200 165 24
1 2 200 166 24
1 2 201 167 24
1 2 200 168 24
1 2 200 169 24
1 2 200 170 24
1 2 200 171 24
1 2 200 172 24
1 2 200 173 24
1 2 200 174 24
1 2 200 175 24
1 2 201 176 24
1 2 200 177 24
1 2 200 178 24
1 2 201 179 24
1 2 200 180 24
1 2 200 181 24
1 2 201 182 24
1 2 200 183 24
1 2 200 184 24
1 2 199 185 24
1 2 200 186 24
1 2 200 187 24
1 2 200 188 24
1 2 200 189 24
1 2 199 190 24
1 2 200 191 24
1 2 200 192 24
1 2 200 193 24
1 2 200 194 24
1 2 199 195 24
1 2 199 196 24
1 2 199 197 24
1 2 198 198 24
1 2 197 198 24
1 2 196 199 24
1 2 195 199 24
1 2 194 199 24
1 2 193 199 24
1 2 192 200 24
1 2 191 200 24
1 2 190 200 24
1 2 189 200 24
1 2 188 200 24
1 2 187 200 24
1 2 186 200 24
1 2 185 200 24
1 2 184 200 24
1 2 183 200 24
1 2 182 200 24
1 2 181 201 24
1 2 180 200 24
1 2 179 201 24
1 2 178 201 24
1 2 177 201 24
1 2 176 201 24
1 2 175 201 24
1 2 174 201 24
1 2 173 201 24
1 2 172 201 24
1 2 171 201 24
1 2 170 201 24
1 2 169 201 24
1 2 168 201 24
1 2 167 201 24
1 2 166 201 24
1 2 165 201 24
1 2 164 201 24
1 2 163 201 24
1 2 162 201 24
1 2 161 202 24
1 2 160 202 24
1 2 159 202 24
1 2 158 202 24
1 2 157 201 24
1 2 156 202 24
1 2 155 202 24
1 2 154 202 24
1 2 153 202 24
1 2 152 202 24
1 2 151 202 24
1 2 150 202 24
1 2 149 201 24
1 2 148 202 24
1 2 147 202 24
1 2 146 202 24
1 2 145 202 24
1 2 144 202 24
1 2 143 202 24
1 2 142 202 24
1 2 141 202 24
1 2 140 202 24
1 2 139 203 24
1 2 138 202 24
1 2 137 202 24
1 2 136 202 24
1 2 135 203 24
1 2 134 203 24
1 2 133 203 24
1 2 132 203 24
1 2 131 203 24
1 2 130 203 24
1 2 129 202 24
1 2 128 203 24
1 2 127 203 24
1 2 126 203 24
1 2 125 203 24
1 2 124 203 24
1 2 123 203 24
1 2 122 203 24
1 2 121 203 24
1 2 120 203 24
1 2 119 203 24
1 2 118 203 24
1 2 117 203 24
1 2 116 203 24
1 2 115 203 24
1 2 114 203 24
1 2 113 204 24
1 2 112 203 24
1 2 111 203 24
1 2 110 203 24
1 2 109 204 24
1 2 108 203 24
1 2 107 204 24
1 2 106 203 24
1 2 105 204 24
1 2 104 204 24
1 2 103 204 24
1 2 102 204 24
1 2 101 204 24
1 2 100 204 24
1 2 99 204 24
1 2 98 204 24
1 2 97 203 24
1 2 96 204 24
1 2 95 204 24
1 2 94 204 24
1 2 93 204 24
1 2 92 204 24
1 2 91 203 24
1 2 90 204 24
1 2 89 204 24
1 2 88 204 24
1 2 87 204 24
1 2 86 204 24
1 2 85 204 24
1 2 84 204 24
1 2 83 204 24
1 2 82 204 24
1 2 81 205 24
1 2 80 204 24
1 2 79 204 24
1 2 78 204 24
1 2 77 204 24
1 2 76 204 24
1 2 75 204 24
1 2 74 205 24
1 2 73 205 24
1 2 72 205 24
1 2 71 205 24
1 2 70 205 24
1 2 69 205 24
1 2 68 205 24
1 2 67 205 24
1 2 66 205 24
1 2 65 205 24
1 2 64 205 24
1 2 63 205 24
1 2 62 205 24
1 2 61 205 24
1 2 60 205 24
1 2 59 205 24
1 2 58 205 24
1 2 57 205 24
1 2 56 205 24
1 2 55 205 24
1 2 54 205 24
1 2 53 205 24
1 2 52 205 24
1 2 51 205 24
1 2 50 205 24
1 2 49 205 24
1 2 48 205 24
1 2 47 205 24
1 2 46 205 24
1 2 45 204 24
1 2 44 205 24
1 2 43 205 24
1 2 42 204 24
1 2 41 203 24
1 2 40 203 24
1 2 39 203 24
1 2 38 202 24
1 2 39 201 24
1 2 39 200 24
1 2 38 199 24
1 2 38 198 24
1 2 38 197 24
1 2 37 196 24
1 2 37 195 24
1 2 36 194 24
1 2 36 193 24
1 2 35 194 24
1 2 34 194 24
1 2 34 195 24
1 2 34 196 24
1 2 34 197 24
1 2 33 198 24
1 2 33 199 24
1 2 33 200 24
1 2 33 201 24
1 2 33 202 24
1 2 32 203 24
1 2 33 204 24
1 2 32 205 24
1 2 31 205 24
1 2 30 206 24
1 2 29 206 24
1 2 28 206 24
1 2 27 206 24
1 2 26 206 24
1 2 25 206 24
1 2 24 206 24
1 2 23 206 24
1 2 22 206 24
1 2 21 206 24
1 2 20 206 24
1 2 19 206 24
1 2 18 206 24
1 2 17 206 24
1 2 16 206 24
1 2 15 206 24
1 2 14 206 24
1 2 13 207 24
1 2 12 206 24
1 2 11 206 24
1 2 10 206 24
1 2 9 206 24
1 2 8 205 24
1 2 7 204 24
1 2 7 203 24
1 2 6 202 24
1 2 6 201 24
1 2 6 200 24
1 2 6 199 24
1 2 6 198 24
1 2 6 197 24
1 2 7 196 24
1 2 8 196 24
1 2 7 195 24
1 2 6 194 24
1 2 6 193 24
1 2 6 192 24
1 2 6 191 24
1 2 6 190 24
1 2 6 189 24
1 2 6 188 24
1 2 5 187 24
1 2 6 186 24
1 2 6 185 24
1 2 6 184 24
1 2 6 183 24
1 2 5 182 24
1 2 5 181 24
1 2 5 180 24
1 2 6 179 24
1 2 5 178 24
1 2 6 177 24
1 2 5 176 24
1 2 6 175 24
1 2 5 174 24
1 2 5 173 24
1 2 5 172 24
1 2 5 171 24
1 2 5 170 24
1 2 5 169 24
1 2 5 168 24
1 2 4 167 24
1 2 5 166 24
1 2 5 165 24
1 2 5 164 24
1 2 5 163 24
1 2 5 162 24
1 2 6 161 24
1 2 5 160 24
1 2 5 159 24
1 2 5 158 24
1 2 5 157 24
1 2 6 156 24
1 2 5 155 24
1 2 6 154 24
1 2 5 153 24
1 2 5 152 24
1 2 5 151 24
1 2 5 150 24
1 2 5 149 24
1 2 4 148 24
1 2 5 147 24
1 2 5 146 24
1 2 5 145 24
1 2 4 144 24
1 2 5 143 24
1 2 4 142 24
1 2 5 141 24
1 2 5 140 24
1 2 5 139 24
1 2 5 138 24
1 2 5 137 24
1 2 4 136 24
1 2 5 135 24
1 2 4 134 24
1 2 5 133 24
1 2 4 132 24
1 2 5 131 24
1 2 5 130 24
1 2 5 129 24
1 2 5 128 24
1 2 6 127 24
1 2 5 126 24
1 2 5 125 24
1 2 5 124 24
1 2 5 123 24
1 2 6 122 24
1 2 6 121 24
1 2 6 120 24
1 2 5 119 24
1 2 5 118 24
1 2 5 117 24
1 2 5 116 24
1 2 6 115 24
1 2 6 114 24
1 2 6 113 24
1 2 5 112 24
1 2 5 111 24
1 2 5 110 24
1 2 6 109 24
1 2 5 108 24
1 2 5 107 24
1 2 5 106 24
1 2 6 105 24
1 2 6 104 24
1 2 6 103 24
1 2 5 102 24
1 2 5 101 24
1 2 5 100 24
1 2 4 99 24
1 2 4 98 24
1 2 4 97 24
1 2 4 96 24
1 2 4 95 24
1 2 5 94 24
1 2 4 93 24
1 2 5 92 24
1 2 6 91 24
1 2 5 90 24
1 2 4 89 24
1 2 5 88 24
1 2 6 87 24
1 2 5 86 24
1 2 5 85 24
1 2 4 84 24
1 2 5 83 24
1 2 5 82 24
1 2 5 81 24
1 2 6 80 24
1 2 5 79 24
1 2 5 78 24
1 2 6 77 24
1 2 5 76 24
1 2 5 75 24
1 2 6 74 24
1 2 5 73 24
1 2 6 72 24
1 2 5 71 24
1 2 5 70 24
1 2 5 69 24
1 2 5 68 24
1 2 6 67 24
1 2 5 66 24
1 2 5 65 24
1 2 5 64 24
1 2 5 63 24
1 2 5 62 24
1 2 5 61 24
1 2 6 60 24
1 2 5 60 24
1 2 4 59 24
1 2 5 58 24
1 2 5 57 24
1 2 6 56 24
1 2 5 55 24
1 2 6 54 24
1 2 7 53 24
1 2 8 53 24
1 2 9 52 24
1 2 10 52 24
1 2 11 51 24
1 2 12 52 24
1 2 13 51 24
1 2 14 52 24
1 2 15 52 24
1 2 16 52 24
1 2 17 51 24
1 2 18 51 24
1 2 19 51 24
1 2 20 50 24
1 2 21 49 24
1 2 20 48 24
1 2 19 47 24
1 2 18 46 24
1 2 17 46 24
1 2 16 46 24
1 2 15 46 24
1 2 14 45 24
1 2 13 45 24
1 2 12 46 24
1 2 11 45 24
1 2 10 45 24
1 2 9 45 24
1 2 8 45 24
1 2 7 45 24
1 2 6 44 24
1 2 6 43 24
1 2 5 42 24
1 2 5 41 24
1 2 5 40 24
1 2 6 39 24
1 2 6 38 24
1 2 6 37 24
1 2 6 36 24
1 2 6 35 24
1 2 7 34 24
1 2 8 35 24
1 2 9 35 24
1 2 10 34 24
1 2 11 34 24
1 2 12 33 24
1 2 13 34 24
1 2 14 34 24
1 2 15 34 24
1 2 16 33 24
1 2 17 33 24
1 2 18 33 24
1 2 19 33 24
1 2 20 33 24
1 2 21 32 24
1 2 21 31 24
1 2 21 30 24
1 2 20 30 24
1 2 19 30 24
1 2 18 29 24
1 2 18 28 24
1 2 17 28 24
1 2 16 28 24
1 2 15 27 24
1 2 14 27 24
1 2 13 27 24
1 2 12 27 24
1 2 11 27 24
1 2 10 27 24
1 2 9 26 24
1 2 8 27 24
1 2 7 26 24
1 2 6 25 24
1 2 6 24 24
1 2 6 23 24
1 2 6 22 24
1 2 6 21 24
1 2 7 20 24
1 2 6 20 24
1 2 5 19 24
1 2 6 18 24
1 2 5 17 24
1 2 6 16 24
1 2 7 15 24
1 2 8 14 24
1 2 9 13 24
1 2 10 12 24
1 2 11 11 24
1 2 12 12 24
1 2 13 11 24
1 2 14 11 24
1 2 15 11 24
1 2 16 11 24
1 2 17 11 24
1 2 18 11 24
1 2 19 11 24
1 2 20 11 24
1 2 21 11 24
1 2 22 11 24
1 2 23 12 24
1 2 24 11 24
1 2 25 11 24
1 2 26 12 24
1 2 27 11 24
1 2 28 11 24
1 2 29 11 24
1 2 30 11 24
1 2 31 12 24
1 2 32 12 24
1 2 33 11 24
1 2 34 11 24
1 2 35 11 24
1 2 36 11 24
1 2 37 11 24
1 2 38 11 24
1 2 39 11 24
1 2 40 11 24
1 2 41 11 24
1 2 42 11 24
1 2 43 11 24
1 2 44 11 24
1 2 45 11 24
1 2 46 11 24
1 2 47 12 24
1 2 48 11 24
1 2 49 11 24
1 2 50 11 24
1 2 51 10 24
1 2 52 11 24
1 2 53 11 24
1 2 54 11 24
1 2 55 11 24
1 2 56 11 24
1 2 57 11 24
1 2 58 12 24
1 2 59 11 24
1 2 60 11 24
1 2 61 12 24
1 2 62 11 24
1 2 63 11 24
1 2 64 11 24
1 2 65 11 24
1 2 66 11 24
1 2 67 10 24
1 2 68 11 24
1 2 69 11 24
1 2 70 12 24
1 2 71 11 24
1 2 72 10 24
1 2 73 11 24
1 2 74 11 24
1 2 75 11 24
1 2 76 11 24
1 2 77 11 24
1 2 78 11 24
1 2 79 11 24
1 2 80 10 24
1 2 81 10 24
1 2 82 11 24
1 2 83 11 24
1 2 84 11 24
1 2 85 10 24
1 2 86 11 24
1 2 87 11 24
1 2 88 10 24
1 2 89 10 24
1 2 90 11 24
1 2 91 10 24
1 2 92 11 24
1 2 93 11 24
1 2 94 11 24
1 2 95 11 24
1 2 96 10 24
1 2 97 11 24
1 2 98 11 24
1 2 99 11 24
1 2 100 10 24
1 2 101 10 24
1 2 102 11 24
1 2 103 11 24
1 2 104 11 24
1 2 105 11 24
1 2 106 10 24
1 2 107 10 24
1 2 108 11 24
1 2 109 11 24
1 2 110 11 24
1 2 111 10 24
1 2 112 11 24
1 2 113 11 24
1 2 114 10 24
1 2 115 11 24
1 2 116 10 24
1 2 117 11 24
1 2 118 11 24
1 2 119 11 24
1 2 120 11 24
1 2 121 11 24
1 2 122 11 24
1 2 123 10 24
1 2 124 11 24
1 2 125 11 24
1 2 126 11 24
1 2 127 11 24
1 2 128 11 24
1 2 129 11 24
1 2 130 10 24
1 2 131 11 24
1 2 132 11 24
1 2 133 11 24
1 2 134 11 24
1 2 135 11 24
1 2 136 11 24
1 2 137 11 24
1 2 138 11 24
1 2 139 10 24
1 2 140 11 24
1 2 141 11 24
1 2 142 10 24
1 2 143 11 24
1 2 144 11 24
1 2 145 11 24
1 2 146 11 24
1 2 147 11 24
1 2 148 11 24
1 2 149 12 24
1 2 150 12 24
1 2 151 13 24
1 2 151 14 24
1 2 150 15 24
1 2 150 16 24
1 2 149 17 24
1 2 150 18 24
1 2 150 19 24
1 2 151 20 24
1 2 150 21 24
1 2 151 22 24
1 2 152 22 24
1 2 153 23 24
1 2 154 22 24
1 2 155 23 24
1 2 156 23 24
1 2 157 23 24
1 2 156 23 24
1 2 155 22 24
1 2 156 21 24
1 2 155 20 24
1 2 155 19 24
1 2 155 18 24
1 2 156 17 24
1 2 156 16 24
1 2 155 15 24
1 2 155 14 24
1 2 156 13 24
1 2 157 12 24
1 2 158 12 24
1 2 159 11 24
1 2 160 12 24
1 2 161 11 24
1 2 162 11 24
1 2 163 11 24
1 2 164 12 24
1 2 165 11 24
1 2 166 12 24
1 2 167 13 24
1 2 168 14 24
1 2 167 15 24
1 2 167 16 24
1 2 168 17 24
1 2 168 18 24
1 2 167 19 24
1 2 168 20 24
1 2 168 21 24
1 2 169 22 24
1 2 170 21 24
1 2 171 21 24
1 2 172 22 24
1 2 173 21 24
1 2 174 20 24
1 2 174 19 24
1 2 173 19 24
1 2 172 18 24
1 2 173 17 24
1 2 174 16 24
1 2 173 15 24
1 2 173 14 24
1 2 174 13 24
1 2 175 12 24
1 2 176 12 24
1 2 177 12 24
1 2 178 11 24
1 2 179 12 24
1 2 180 12 24
1 2 181 12 24
1 2 182 12 24
1 2 183 11 24
1 2 184 12 24
1 2 185 12 24
1 2 186 12 24
1 2 187 11 24
1 2 188 12 24
1 2 189 11 24
1 2 190 12 24
1 2 191 12 24
1 2 192 12 24
1 2 193 13 24
1 2 194 12 24
1 2 195 12 24
1 2 196 12 24
1 2 197 12 24
1 2 198 12 24
1 2 199 13 24
1 2 200 12 24
1 2 201 13 24
1 2 202 13 24
1 2 202 12 24
1 2 202 11 24
1 2 202 10 24
1 2 202 9 24
1 2 202 8 24
1 2 202 7 24
1 2 202 6 24
1 2 202 5 24
1 2 202 4 24
1 2 202 3 24
1 2 202 2 24
1 2 202 1 24
1 2 201 1 24
1 2 200 1 24
1 2 199 1 24
1 2 198 1 24
1 2 197 1 24
1 2 196 1 24
1 2 195 1 24
1 2 194 1 24
1 2 193 1 24
1 2 192 1 24
1 2 191 1 24
1 2 190 1 24
1 2 189 1 24
1 2 188 1 24
1 2 187 1 24
1 2 186 1 24
1 2 185 1 24
1 2 184 1 24
1 2 183 1 24
1 2 182 1 24
1 2 181 1 24
1 2 180 1 24
1 2 179 1 24
1 2 178 1 24
1 2 177 1 24
1 2 176 1 24
1 2 175 1 24
1 2 174 1 24
1 2 173 1 24
1 2 172 1 24
1 2 171 1 24
1 2 170 1 24
1 2 169 1 24
1 2 168 1 24
1 2 167 1 24
1 2 166 1 24
1 2 165 1 24
1 2 164 1 24
1 2 163 1 24
1 2 162 1 24
1 2 161 1 24
1 2 160 1 24
1 2 159 1 24
1 2 158 1 24
1 2 157 1 24
1 2 156 1 24
1 2 155 1 24
1 2 154 1 24
1 2 153 1 24
1 2 152 1 24
1 2 151 1 24
1 2 150 1 24
1 2 149 1 24
1 2 148 1 24
1 2 147 1 24
1 2 146 1 24
1 2 145 1 24
1 2 144 1 24
1 2 143 1 24
1 2 142 1 24
1 2 141 1 24
1 2 140 1 24
1 2 139 1 24
1 2 138 1 24
1 2 137 1 24
1 2 136 1 24
1 2 135 1 24
1 2 134 1 24
1 2 133 1 24
1 2 132 1 24
1 2 131 1 24
1 2 130 1 24
1 2 129 1 24
1 2 128 1 24
1 2 127 1 24
1 2 126 1 24
1 2 125 1 24
1 2 124 1 24
1 2 123 1 24
1 2 122 1 24
1 2 121 1 24
1 2 120 1 24
1 2 119 1 24
1 2 118 1 24
1 2 117 1 24
1 2 116 1 24
1 2 115 1 24
1 2 114 1 24
1 2 113 1 24
1 2 112 1 24
1 2 111 1 24
1 2 110 1 24
1 2 109 1 24
1 2 108 1 24
1 2 107 1 24
1 2 106 1 24
1 2 105 1 24
1 2 104 1 24
1 2 103 1 24
1 2 102 1 24
1 2 101 1 24
1 2 100 1 24
1 2 99 1 24
1 2 98 1 24
1 2 97 1 24
1 2 96 1 24
1 2 95 1 24
1 2 94 1 24
1 2 93 1 24
1 2 92 1 24
1 2 91 1 24
1 2 90 1 24
1 2 89 1 24
1 2 88 1 24
1 2 87 1 24
1 2 86 1 24
1 2 85 1 24
1 2 84 1 24
1 2 83 1 24
1 2 82 1 24
1 2 81 1 24
1 2 80 1 24
1 2 79 1 24
1 2 78 1 24
1 2 77 1 24
1 2 76 1 24
1 2 75 1 24
1 2 74 1 24
1 2 73 1 24
1 2 72 1 24
1 2 71 1 24
1 2 70 1 24
1 2 69 1 24
1 2 68 1 24
1 2 67 1 24
1 2 66 1 24
1 2 65 1 24
1 2 64 1 24
1 2 63 1 24
1 2 62 1 24
1 2 61 1 24
1 2 60 1 24
1 2 59 1 24
1 2 58 1 24
1 2 57 1 24
1 2 56 1 24
1 2 55 1 24
1 2 54 1 24
1 2 53 1 24
1 2 52 1 24
1 2 51 1 24
1 2 50 1 24
1 2 49 1 24
1 2 48 1 24
1 2 47 1 24
1 2 46 1 24
1 2 45 1 24
1 2 44 1 24
1 2 43 1 24
1 2 42 1 24
1 2 41 1 24
1 2 40 1 24
1 2 39 1 24
1 2 38 1 24
1 2 37 1 24
1 2 36 1 24
1 2 35 1 24
1 2 34 1 24
1 2 33 1 24
1 2 32 1 24
1 2 31 1 24
1 2 30 1 24
1 2 29 1 24
1 2 28 1 24
1 2 27 1 24
1 2 26 1 24
1 2 25 1 24
1 2 24 1 24
1 2 23 1 24
1 2 22 1 24
1 2 21 1 24
1 2 20 1 24
1 2 19 1 24
1 2 18 1 24
1 2 17 1 24
1 2 16 1 24
1 2 15 1 24
1 2 14 1 24
1 2 13 1 24
1 2 12 1 24
1 2 11 1 24
1 2 10 1 24
1 2 9 1 24
1 2 8 1 24
1 2 7 1 24
1 2 6 1 24
1 2 5 1 24
1 2 4 1 24
1 2 3 1 24
1 2 2 1 24
1 2 1 1 24
2 1 143 30 24
2 1 143 31 24
2 1 143 32 24
2 1 142 33 24
2 1 141 34 24
2 1 140 33 24
2 1 139 33 24
2 1 138 34 24
2 1 139 35 24
2 1 140 36 24
2 1 139 37 24
2 1 138 37 24
2 1 137 36 24
2 1 136 36 24
2 1 135 37 24
2 1 135 38 24
2 1 134 39 24
2 1 133 38 24
2 1 132 38 24
2 1 133 38 24
2 1 134 39 24
2 1 133 40 24
2 1 132 40 24
2 1 131 40 24
2 1 130 41 24
2 1 129 42 24
2 1 130 43 24
2 1 129 44 24
2 1 129 45 24
2 1 129 46 24
2 1 130 45 24
2 1 129 44 24
2 1 130 43 24
2 1 131 43 24
2 1 132 44 24
2 1 132 45 24
2 1 133 44 24
2 1 134 45 24
2 1 134 46 24
2 1 134 47 24
2 1 133 48 24
2 1 132 48 24
2 1 131 48 24
2 1 130 48 24
2 1 129 48 24
2 1 129 49 24
2 1 128 50 24
2 1 127 49 24
2 1 126 50 24
2 1 125 50 24
2 1 124 49 24
2 1 123 50 24
2 1 122 50 24
2 1 121 50 24
2 1 120 51 24
2 1 119 50 24
2 1 118 50 24
2 1 117 49 24
2 1 118 50 24
2 1 118 51 24
2 1 117 52 24
2 1 116 52 24
2 1 115 52 24
2 1 114 52 24
2 1 113 51 24
2 1 112 51 24
2 1 111 52 24
2 1 110 51 24
2 1 109 51 24
2 1 108 52 24
2 1 107 51 24
2 1 106 52 24
2 1 105 51 24
2 1 105 50 24
2 1 105 51 24
2 1 104 52 24
2 1 103 52 24
2 1 102 51 24
2 1 101 52 24
2 1 100 52 24
2 1 99 51 24
2 1 98 52 24
2 1 97 51 24
2 1 96 52 24
2 1 95 52 24
2 1 94 52 24
2 1 93 52 24
2 1 92 52 24
2 1 91 52 24
2 1 90 53 24
2 1 89 53 24
2 1 88 53 24
2 1 87 53 24
2 1 86 54 24
2 1 85 54 24
2 1 84 54 24
2 1 83 54 24
2 1 82 54 24
2 1 81 54 24
2 1 80 54 24
2 1 79 54 24
2 1 78 53 24
2 1 78 54 24
2 1 77 55 24
2 1 76 54 24
2 1 75 54 24
2 1 74 54 24
2 1 73 54 24
2 1 72 54 24
2 1 71 54 24
2 1 72 55 24
2 1 71 56 24
2 1 70 56 24
2 1 69 57 24
2 1 68 57 24
2 1 67 56 24
2 1 66 55 24
2 1 66 54 24
2 1 65 54 24
2 1 66 55 24
2 1 67 56 24
2 1 66 57 24
2 1 65 58 24
2 1 64 58 24
2 1 64 59 24
2 1 63 60 24
2 1 62 59 24
2 1 63 60 24
2 1 62 61 24
2 1 61 61 24
2 1 60 60 24
2 1 59 61 24
2 1 58 62 24
2 1 57 63 24
2 1 56 63 24
2 1 55 64 24
2 1 54 64 24
2 1 53 65 24
2 1 52 64 24
2 1 52 65 24
2 1 51 66 24
2 1 50 65 24
2 1 49 66 24
2 1 48 66 24
2 1 47 66 24
2 1 46 66 24
2 1 45 67 24
2 1 44 68 24
2 1 43 67 24
2 1 42 67 24
2 1 42 68 24
2 1 41 69 24
2 1 40 68 24
2 1 40 67 24
2 1 39 68 24
2 1 38 68 24
2 1 39 69 24
2 1 38 70 24
2 1 37 70 24
2 1 36 69 24
2 1 37 70 24
2 1 36 71 24
2 1 35 72 24
2 1 34 71 24
2 1 34 70 24
2 1 34 69 24
2 1 34 70 24
2 1 33 71 24
2 1 32 71 24
2 1 31 72 24
2 1 30 73 24
2 1 31 74 24
2 1 30 75 24
2 1 29 76 24
2 1 28 75 24
2 1 28 76 24
2 1 27 77 24
2 1 28 78 24
2 1 27 79 24
2 1 26 79 24
2 1 25 78 24
2 1 24 77 24
2 1 25 78 24
2 1 26 79 24
2 1 25 80 24
2 1 24 81 24
2 1 25 82 24
2 1 24 83 24
2 1 23 83 24
2 1 22 82 24
2 1 22 81 24
2 1 21 81 24
2 1 20 82 24
2 1 19 82 24
2 1 18 82 24
2 1 17 82 24
2 1 16 82 24
2 1 17 83 24
2 1 16 84 24
2 1 15 84 24
2 1 14 83 24
2 1 14 84 24
2 1 13 85 24
2 1 12 85 24
2 1 11 85 24
2 1 10 86 24
2 1 9 85 24
2 1 9 84 24
2 1 9 85 24
2 1 10 86 24
2 1 10 87 24
2 1 11 87 24
2 1 12 88 24
2 1 11 89 24
2 1 10 89 24
2 1 9 89 24
2 1 8 88 24
2 1 7 88 24
2 1 6 87 24
2 1 7 88 24
2 1 6 89 24
2 1 5 89 24
2 1 5 90 24
2 1 5 91 24
2 1 4 92 24
2 1 5 93 24
2 1 5 94 24
2 1 6 95 24
2 1 7 95 24
2 1 8 96 24
2 1 8 97 24
2 1 8 96 24
2 1 8 95 24
2 1 9 94 24
2 1 10 94 24
2 1 11 95 24
2 1 10 96 24
2 1 11 97 24
2 1 11 96 24
2 1 11 95 24
2 1 12 94 24
2 1 13 95 24
2 1 14 95 24
2 1 15 95 24
2 1 16 94 24
2 1 17 95 24
2 1 18 96 24
2 1 19 96 24
2 1 20 97 24
2 1 21 96 24
2 1 22 97 24
2 1 23 96 24
2 1 24 96 24
2 1 25 97 24
2 1 26 96 24
2 1 27 96 24
2 1 28 96 24
2 1 29 95 24
2 1 30 94 24
2 1 31 93 24
2 1 32 93 24
2 1 33 93 24
2 1 34 92 24
2 1 35 92 24
2 1 36 93 24
2 1 37 92 24
2 1 38 93 24
2 1 39 94 24
2 1 40 93 24
2 1 41 93 24
2 1 42 93 24
2 1 42 92 24
2 1 43 91 24
2 1 44 92 24
2 1 44 93 24
2 1 45 93 24
2 1 46 94 24
2 1 45 95 24
2 1 44 96 24
2 1 43 95 24
2 1 42 95 24
2 1 43 95 24
2 1 44 96 24
2 1 44 97 24
2 1 44 98 24
2 1 45 98 24
2 1 46 98 24
2 1 47 99 24
2 1 48 99 24
2 1 49 100 24
2 1 50 101 24
2 1 49 102 24
2 1 50 101 24
2 1 51 102 24
2 1 52 102 24
2 1 53 103 24
2 1 52 104 24
2 1 51 104 24
2 1 50 105 24
2 1 49 106 24
2 1 48 107 24
2 1 47 107 24
2 1 46 108 24
2 1 45 108 24
2 1 44 109 24
2 1 43 109 24
2 1 42 109 24
2 1 41 109 24
2 1 40 109 24
2 1 39 110 24
2 1 38 110 24
2 1 37 110 24
2 1 38 111 24
2 1 37 112 24
2 1 36 112 24
2 1 35 111 24
2 1 34 112 24
2 1 33 113 24
2 1 32 113 24
2 1 32 114 24
2 1 32 115 24
2 1 33 116 24
2 1 34 115 24
2 1 35 115 24
2 1 36 115 24
2 1 37 115 24
2 1 38 115 24
2 1 39 115 24
2 1 40 115 24
2 1 41 114 24
2 1 42 115 24
2 1 43 115 24
2 1 44 115 24
2 1 45 114 24
2 1 46 114 24
2 1 47 113 24
2 1 48 113 24
2 1 49 113 24
2 1 50 113 24
2 1 51 112 24
2 1 52 113 24
2 1 52 114 24
2 1 53 115 24
2 1 53 116 24
2 1 54 115 24
2 1 55 116 24
2 1 55 115 24
2 1 56 114 24
2 1 57 115 24
2 1 58 116 24
2 1 58 117 24
2 1 59 117 24
2 1 60 117 24
2 1 61 118 24
2 1 62 118 24
2 1 63 117 24
2 1 64 118 24
2 1 65 117 24
2 1 66 118 24
2 1 66 119 24
2 1 65 120 24
2 1 64 121 24
2 1 63 120 24
2 1 62 120 24
2 1 62 121 24
2 1 62 122 24
2 1 63 122 24
2 1 64 121 24
2 1 65 120 24
2 1 66 121 24
2 1 66 122 24
2 1 67 122 24
2 1 68 123 24
2 1 68 124 24
2 1 69 125 24
2 1 68 126 24
2 1 67 127 24
2 1 66 126 24
2 1 65 126 24
2 1 64 125 24
2 1 65 124 24
2 1 64 124 24
2 1 63 124 24
2 1 64 125 24
2 1 63 126 24
2 1 62 127 24
2 1 61 126 24
2 1 60 126 24
2 1 59 127 24
2 1 60 127 24
2 1 61 127 24
2 1 62 127 24
2 1 63 127 24
2 1 63 126 24
2 1 64 125 24
2 1 65 126 24
2 1 65 127 24
2 1 66 128 24
2 1 65 129 24
2 1 65 130 24
2 1 66 130 24
2 1 67 131 24
2 1 67 132 24
2 1 68 132 24
2 1 69 133 24
2 1 69 134 24
2 1 69 135 24
2 1 68 136 24
2 1 67 135 24
2 1 66 136 24
2 1 67 135 24
2 1 68 136 24
2 1 68 137 24
2 1 69 137 24
2 1 70 138 24
2 1 70 139 24
2 1 71 139 24
2 1 72 140 24
2 1 73 139 24
2 1 74 140 24
2 1 75 139 24
2 1 76 140 24
2 1 76 141 24
2 1 76 140 24
2 1 77 139 24
2 1 78 140 24
2 1 79 139 24
2 1 80 139 24
2 1 81 138 24
2 1 82 138 24
2 1 83 139 24
2 1 82 140 24
2 1 81 141 24
2 1 80 142 24
2 1 81 143 24
2 1 82 144 24
2 1 83 144 24
2 1 84 145 24
2 1 84 146 24
2 1 85 145 24
2 1 86 146 24
2 1 87 146 24
2 1 88 147 24
2 1 89 148 24
2 1 90 148 24
2 1 91 149 24
2 1 92 149 24
2 1 93 149 24
2 1 94 148 24
2 1 95 149 24
2 1 96 149 24
2 1 97 150 24
2 1 97 151 24
2 1 97 150 24
2 1 98 149 24
2 1 99 150 24
2 1 100 149 24
2 1 101 150 24
2 1 102 150 24
2 1 103 150 24
2 1 104 150 24
2 1 103 150 24
2 1 102 149 24
2 1 101 150 24
2 1 100 149 24
2 1 100 148 24
2 1 101 147 24
2 1 102 147 24
2 1 103 146 24
2 1 104 147 24
2 1 105 147 24
2 1 105 146 24
2 1 106 145 24
2 1 107 146 24
2 1 108 146 24
2 1 109 146 24
2 1 110 146 24
2 1 111 146 24
2 1 112 146 24
2 1 113 146 24
2 1 113 145 24
2 1 114 144 24
2 1 115 144 24
2 1 116 145 24
2 1 117 145 24
2 1 118 145 24
2 1 119 145 24
2 1 120 145 24
2 1 121 145 24
2 1 122 144 24
2 1 122 143 24
2 1 122 142 24
2 1 123 141 24
2 1 124 141 24
2 1 125 140 24
2 1 126 141 24
2 1 127 141 24
2 1 128 141 24
2 1 129 141 24
2 1 130 142 24
2 1 131 142 24
2 1 132 142 24
2 1 133 142 24
2 1 134 142 24
2 1 135 142 24
2 1 136 143 24
2 1 136 142 24
2 1 137 141 24
2 1 138 142 24
2 1 139 142 24
2 1 140 143 24
2 1 141 143 24
2 1 141 142 24
2 1 141 141 24
2 1 142 140 24
2 1 143 140 24
2 1 142 140 24
2 1 141 140 24
2 1 140 139 24
2 1 139 140 24
2 1 138 140 24
2 1 137 141 24
2 1 136 140 24
2 1 135 139 24
2 1 135 138 24
2 1 134 137 24
2 1 134 136 24
2 1 135 135 24
2 1 135 134 24
2 1 134 134 24
2 1 133 134 24
2 1 132 133 24
2 1 131 133 24
2 1 130 133 24
2 1 129 132 24
2 1 128 132 24
2 1 127 132 24
2 1 126 131 24
2 1 125 131 24
2 1 124 131 24
2 1 123 131 24
2 1 122 130 24
2 1 121 131 24
2 1 120 132 24
2 1 119 131 24
2 1 118 132 24
2 1 117 131 24
2 1 116 131 24
2 1 115 132 24
2 1 114 131 24
2 1 114 130 24
2 1 115 129 24
2 1 114 128 24
2 1 113 129 24
2 1 112 129 24
2 1 111 128 24
2 1 112 127 24
2 1 113 126 24
2 1 112 125 24
2 1 112 124 24
2 1 111 124 24
2 1 110 124 24
2 1 109 123 24
2 1 110 122 24
2 1 109 121 24
2 1 108 120 24
2 1 107 120 24
2 1 106 119 24
2 1 105 118 24
2 1 105 117 24
2 1 105 118 24
2 1 104 119 24
2 1 103 118 24
2 1 102 117 24
2 1 101 116 24
2 1 101 115 24
2 1 100 114 24
2 1 101 113 24
2 1 102 112 24
2 1 103 112 24
2 1 103 111 24
2 1 104 110 24
2 1 105 111 24
2 1 106 111 24
2 1 106 110 24
2 1 105 111 24
2 1 104 110 24
2 1 104 109 24
2 1 103 108 24
2 1 104 107 24
2 1 105 107 24
2 1 106 108 24
2 1 107 108 24
2 1 107 107 24
2 1 106 106 24
2 1 107 105 24
2 1 108 105 24
2 1 109 104 24
2 1 110 104 24
2 1 111 105 24
2 1 112 105 24
2 1 113 106 24
2 1 114 105 24
2 1 115 106 24
2 1 115 105 24
2 1 114 104 24
2 1 115 103 24
2 1 116 102 24
2 1 117 103 24
2 1 118 103 24
2 1 117 102 24
2 1 118 101 24
2 1 117 100 24
2 1 116 99 24
2 1 115 100 24
2 1 114 100 24
2 1 113 99 24
2 1 114 98 24
2 1 113 98 24
2 1 112 98 24
2 1 111 98 24
2 1 110 98 24
2 1 109 98 24
2 1 108 99 24
2 1 107 98 24
2 1 106 98 24
2 1 105 98 24
2 1 104 98 24
2 1 103 98 24
2 1 102 98 24
2 1 101 98 24
2 1 100 98 24
2 1 99 97 24
2 1 99 96 24
2 1 100 95 24
2 1 99 96 24
2 1 98 96 24
2 1 97 95 24
2 1 96 94 24
2 1 97 93 24
2 1 98 92 24
2 1 97 91 24
2 1 98 90 24
2 1 99 90 24
2 1 100 90 24
2 1 99 89 24
2 1 98 88 24
2 1 99 89 24
2 1 98 90 24
2 1 97 90 24
2 1 96 89 24
2 1 95 89 24
2 1 94 88 24
2 1 95 87 24
2 1 96 87 24
2 1 96 86 24
2 1 95 87 24
2 1 94 86 24
2 1 93 87 24
2 1 92 87 24
2 1 91 87 24
2 1 90 87 24
2 1 91 88 24
2 1 90 89 24
2 1 89 89 24
2 1 88 88 24
2 1 88 89 24
2 1 87 90 24
2 1 86 90 24
2 1 85 89 24
2 1 86 90 24
2 1 86 91 24
2 1 86 92 24
2 1 85 93 24
2 1 84 94 24
2 1 83 94 24
2 1 82 94 24
2 1 81 93 24
2 1 82 92 24
2 1 83 92 24
2 1 84 91 24
2 1 83 91 24
2 1 82 91 24
2 1 82 92 24
2 1 81 93 24
2 1 80 94 24
2 1 79 93 24
2 1 78 94 24
2 1 77 94 24
2 1 76 95 24
2 1 75 94 24
2 1 74 94 24
2 1 73 94 24
2 1 72 95 24
2 1 71 94 24
2 1 71 93 24
2 1 70 92 24
2 1 69 92 24
2 1 68 92 24
2 1 67 91 24
2 1 67 92 24
2 1 67 93 24
2 1 66 94 24
2 1 65 93 24
2 1 64 93 24
2 1 63 93 24
2 1 62 93 24
2 1 61 93 24
2 1 60 94 24
2 1 59 94 24
2 1 59 95 24
2 1 58 96 24
2 1 57 95 24
2 1 56 95 24
2 1 55 94 24
2 1 56 93 24
2 1 56 92 24
2 1 57 91 24
2 1 58 90 24
2 1 57 91 24
2 1 56 91 24
2 1 55 90 24
2 1 54 90 24
2 1 53 90 24
2 1 54 90 24
2 1 55 91 24
2 1 54 92 24
2 1 53 92 24
2 1 52 93 24
2 1 51 92 24
2 1 50 92 24
2 1 49 91 24
2 1 48 91 24
2 1 47 91 24
2 1 46 91 24
2 1 45 92 24
2 1 44 91 24
2 1 44 90 24
2 1 43 91 24
2 1 42 91 24
2 1 42 92 24
2 1 41 93 24
2 1 40 93 24
2 1 39 94 24
2 1 38 93 24
2 1 38 92 24
2 1 39 91 24
2 1 40 91 24
2 1 39 91 24
2 1 38 90 24
2 1 38 89 24
2 1 38 88 24
2 1 39 87 24
2 1 40 86 24
2 1 41 87 24
2 1 42 88 24
2 1 43 87 24
2 1 44 86 24
2 1 45 86 24
2 1 46 87 24
2 1 45 88 24
2 1 46 87 24
2 1 47 87 24
2 1 48 86 24
2 1 49 87 24
2 1 50 88 24
2 1 49 89 24
2 1 50 88 24
2 1 51 87 24
2 1 52 87 24
2 1 53 87 24
2 1 54 87 24
2 1 55 88 24
2 1 56 88 24
2 1 55 87 24
2 1 54 87 24
2 1 53 87 24
2 1 52 86 24
2 1 51 85 24
2 1 52 84 24
2 1 53 83 24
2 1 54 84 24
2 1 54 85 24
2 1 54 84 24
2 1 55 83 24
2 1 56 84 24
2 1 57 85 24
2 1 57 84 24
2 1 58 83 24
2 1 59 82 24
2 1 60 83 24
2 1 60 84 24
2 1 59 85 24
2 1 60 84 24
2 1 60 83 24
2 1 61 82 24
2 1 62 83 24
2 1 62 84 24
2 1 62 83 24
2 1 63 82 24
2 1 64 82 24
2 1 65 83 24
2 1 64 84 24
2 1 65 83 24
2 1 65 82 24
2 1 66 81 24
2 1 66 80 24
2 1 67 79 24
2 1 68 80 24
2 1 69 80 24
2 1 70 81 24
2 1 70 82 24
2 1 71 81 24
2 1 72 82 24
2 1 73 82 24
2 1 74 81 24
2 1 75 82 24
2 1 75 83 24
2 1 76 83 24
2 1 76 82 24
2 1 76 81 24
2 1 77 80 24
2 1 78 79 24
2 1 77 78 24
2 1 78 77 24
2 1 77 78 24
2 1 76 77 24
2 1 77 78 24
2 1 76 79 24
2 1 75 79 24
2 1 75 80 24
2 1 74 81 24
2 1 73 80 24
2 1 72 79 24
2 1 73 78 24
2 1 74 77 24
2 1 73 78 24
2 1 72 77 24
2 1 71 77 24
2 1 70 76 24
2 1 71 75 24
2 1 72 74 24
2 1 73 75 24
2 1 74 74 24
2 1 75 75 24
2 1 76 75 24
2 1 75 74 24
2 1 75 73 24
2 1 76 72 24
2 1 77 73 24
2 1 78 74 24
2 1 79 73 24
2 1 79 72 24
2 1 79 73 24
2 1 78 74 24
2 1 77 73 24
2 1 77 72 24
2 1 77 71 24
2 1 78 70 24
2 1 79 70 24
2 1 78 70 24
2 1 77 69 24
2 1 77 68 24
2 1 77 67 24
2 1 78 66 24
2 1 79 67 24
2 1 79 68 24
2 1 79 67 24
2 1 79 66 24
2 1 79 65 24
2 1 80 64 24
2 1 81 65 24
2 1 81 66 24
2 1 81 67 24
2 1 82 68 24
2 1 82 69 24
2 1 83 69 24
2 1 82 68 24
2 1 82 67 24
2 1 83 66 24
2 1 84 65 24
2 1 85 64 24
2 1 86 65 24
2 1 87 65 24
2 1 88 66 24
2 1 87 67 24
2 1 86 68 24
2 1 85 67 24
2 1 85 68 24
2 1 86 68 24
2 1 87 67 24
2 1 88 68 24
2 1 89 67 24
2 1 90 68 24
2 1 90 69 24
2 1 91 68 24
2 1 92 69 24
2 1 92 68 24
2 1 93 67 24
2 1 94 67 24
2 1 95 67 24
2 1 96 68 24
2 1 97 67 24
2 1 98 67 24
2 1 99 68 24
2 1 100 68 24
2 1 101 67 24
2 1 102 66 24
2 1 103 67 24
2 1 104 67 24
2 1 105 66 24
2 1 106 67 24
2 1 107 66 24
2 1 108 66 24
2 1 109 65 24
2 1 110 66 24
2 1 111 65 24
2 1 112 65 24
2 1 113 66 24
2 1 114 66 24
2 1 115 66 24
2 1 116 65 24
2 1 117 66 24
2 1 117 65 24
2 1 118 64 24
2 1 119 64 24
2 1 120 65 24
2 1 121 64 24
2 1 122 65 24
2 1 123 64 24
2 1 124 63 24
2 1 125 64 24
2 1 126 64 24
2 1 127 64 24
2 1 128 63 24
2 1 129 63 24
2 1 130 64 24
2 1 131 64 24
2 1 132 64 24
2 1 133 64 24
2 1 134 64 24
2 1 135 64 24
2 1 136 65 24
2 1 137 65 24
2 1 138 66 24
2 1 139 65 24
2 1 140 64 24
2 1 141 64 24
2 1 142 65 24
2 1 143 65 24
2 1 144 65 24
2 1 145 65 24
2 1 146 65 24
2 1 147 65 24
2 1 148 65 24
2 1 149 64 24
2 1 150 65 24
2 1 151 65 24
2 1 152 64 24
2 1 153 64 24
2 1 154 64 24
2 1 153 63 24
2 1 153 62 24
2 1 152 61 24
2 1 153 60 24
2 1 153 59 24
2 1 153 58 24
2 1 153 57 24
2 1 152 57 24
2 1 151 57 24
2 1 150 57 24
2 1 149 56 24
2 1 149 55 24
2 1 150 54 24
2 1 151 54 24
2 1 152 53 24
2 1 153 53 24
2 1 154 52 24
2 1 155 53 24
2 1 154 52 24
2 1 155 51 24
2 1 156 51 24
2 1 157 51 24
2 1 158 52 24
2 1 158 53 24
2 1 159 52 24
2 1 160 52 24
2 1 159 51 24
2 1 158 50 24
2 1 158 49 24
2 1 159 48 24
2 1 160 47 24
2 1 161 46 24
2 1 162 46 24
2 1 163 45 24
2 1 164 44 24
2 1 165 44 24
2 1 164 44 24
2 1 163 45 24
2 1 162 46 24
2 1 161 45 24
2 1 160 45 24
2 1 159 44 24
2 1 159 43 24
2 1 159 42 24
2 1 158 41 24
2 1 159 40 24
2 1 158 41 24
2 1 157 41 24
2 1 158 42 24
2 1 157 43 24
2 1 156 44 24
2 1 155 43 24
2 1 155 42 24
2 1 154 41 24
2 1 154 40 24
2 1 154 41 24
2 1 153 42 24
2 1 152 43 24
2 1 151 42 24
2 1 150 41 24
2 1 151 40 24
2 1 152 40 24
2 1 152 39 24
2 1 151 40 24
2 1 150 39 24
2 1 150 40 24
2 1 150 41 24
2 1 149 42 24
2 1 148 41 24
2 1 147 41 24
2 1 146 41 24
2 1 146 42 24
2 1 145 43 24
2 1 144 42 24
2 1 144 41 24
2 1 144 40 24
2 1 145 39 24
2 1 144 38 24
2 1 145 37 24
2 1 146 37 24
2 1 147 37 24
2 1 148 38 24
2 1 148 37 24
2 1 147 36 24
2 1 148 35 24
2 1 147 34 24
2 1 148 33 24
2 1 149 33 24
2 1 148 33 24
2 1 147 32 24
2 1 148 31 24
2 1 147 31 24
2 1 146 31 24
2 1 145 31 24
2 1 144 31 24
2 1 143 30 24
2 2 143 30 48
2 2 143 31 48
2 2 143 32 48
2 2 142 33 48
2 2 141 34 48
2 2 140 33 48
2 2 139 33 48
2 2 138 34 48
2 2 139 35 48
2 2 140 36 48
2 2 139 37 48
2 2 138 37 48
2 2 137 36 48
2 2 136 36 48
2 2 135 37 48
2 2 135 38 48
2 2 134 39 48
2 2 133 38 48
2 2 132 38 48
2 2 133 38 48
2 2 134 39 48
2 2 133 40 48
2 2 132 40 48
2 2 131 40 48
2 2 130 41 48
2 2 129 42 48
2 2 130 43 48
2 2 129 44 48
2 2 129 45 48
2 2 129 46 48
2 2 130 45 48
2 2 129 44 48
2 2 130 43 48
2 2 131 43 48
2 2 132 44 48
2 2 132 45 48
2 2 133 44 48
2 2 134 45 48
2 2 134 46 48
2 2 134 47 48
2 2 133 48 48
2 2 132 48 48
2 2 131 48 48
2 2 130 48 48
2 2 129 48 48
2 2 129 49 48
2 2 128 50 48
2 2 127 49 48
2 2 126 50 48
2 2 125 50 48
2 2 124 49 48
2 2 123 50 48
2 2 122 50 48
2 2 121 50 48
2 2 120 51 48
2 2 119 50 48
2 2 118 50 48
2 2 117 49 48
2 2 118 50 48
2 2 118 51 48
2 2 117 52 48
2 2 116 52 48
2 2 115 52 48
2 2 114 52 48
2 2 113 51 48
2 2 112 51 48
2 2 111 52 48
2 2 110 51 48
2 2 109 51 48
2 2 108 52 48
2 2 107 51 48
2 2 106 52 48
2 2 105 51 48
2 2 105 50 48
2 2 105 51 48
2 2 104 52 48
2 2 103 52 48
2 2 102 51 48
2 2 101 52 48
2 2 100 52 48
2 2 99 51 48
2 2 98 52 48
2 2 97 51 48
2 2 96 52 48
2 2 95 52 48
2 2 94 52 48
2 2 93 52 48
2 2 92 52 48
2 2 91 52 48
2 2 90 53 48
2 2 89 53 48
2 2 88 53 48
2 2 87 53 48
2 2 86 54 48
2 2 85 54 48
2 2 84 54 48
2 2 83 54 48
2 2 82 54 48
2 2 81 54 48
2 2 80 54 48
2 2 79 54 48
2 2 78 53 48
2 2 78 54 48
2 2 77 55 48
2 2 76 54 48
2 2 75 54 48
2 2 74 54 48
2 2 73 54 48
2 2 72 54 48
2 2 71 54 48
2 2 72 55 48
2 2 71 56 48
2 2 70 56 48
2 2 69 57 48
2 2 68 57 48
2 2 67 56 48
2 2 66 55 48
2 2 66 54 48
2 2 65 54 48
2 2 66 55 48
2 2 67 56 48
2 2 66 57 48
2 2 65 58 48
2 2 64 58 48
2 2 64 59 48
2 2 63 60 48
2 2 62 59 48
2 2 63 60 48
2 2 62 61 48
2 2 61 61 48
2 2 60 60 48
2 2 59 61 48
2 2 58 62 48
2 2 57 63 48
2 2 56 63 48
2 2 55 64 48
2 2 54 64 48
2 2 53 65 48
2 2 52 64 48
2 2 52 65 48
2 2 51 66 48
2 2 50 65 48
2 2 49 66 48
2 2 48 66 48
2 2 47 66 48
2 2 46 66 48
2 2 45 67 48
2 2 44 68 48
2 2 43 67 48
2 2 42 67 48
2 2 42 68 48
2 2 41 69 48
2 2 40 68 48
2 2 40 67 48
2 2 39 68 48
2 2 38 68 48
2 2 39 69 48
2 2 38 70 48
2 2 37 70 48
2 2 36 69 48
2 2 37 70 48
2 2 36 71 48
2 2 35 72 48
2 2 34 71 48
2 2 34 70 48
2 2 34 69 48
2 2 34 70 48
2 2 33 71 48
2 2 32 71 48
2 2 31 72 48
2 2 30 73 48
2 2 31 74 48
2 2 30 75 48
2 2 29 76 48
2 2 28 75 48
2 2 28 76 48
2 2 27 77 48
2 2 28 78 48
2 2 27 79 48
2 2 26 79 48
2 2 25 78 48
2 2 24 77 48
2 2 25 78 48
2 2 26 79 48
2 2 25 80 48
2 2 24 81 48
2 2 25 82 48
2 2 24 83 48
2 2 23 83 48
2 2 22 82 48
2 2 22 81 48
2 2 21 81 48
2 2 20 82 48
2 2 19 82 48
2 2 18 82 48
2 2 17 82 48
2 2 16 82 48
2 2 17 83 48
2 2 16 84 48
2 2 15 84 48
2 2 14 83 48
2 2 14 84 48
2 2 13 85 48
2 2 12 85 48
2 2 11 85 48
2 2 10 86 48
2 2 9 85 48
2 2 9 84 48
2 2 9 85 48
2 2 10 86 48
2 2 10 87 48
2 2 11 87 48
2 2 12 88 48
2 2 11 89 48
2 2 10 89 48
2 2 9 89 48
2 2 8 88 48
2 2 7 88 48
2 2 6 87 48
2 2 7 88 48
2 2 6 89 48
2 2 5 89 48
2 2 5 90 48
2 2 5 91 48
2 2 4 92 48
2 2 5 93 48
2 2 5 94 48
2 2 6 95 48
2 2 7 95 48
2 2 8 96 48
2 2 8 97 48
2 2 8 96 48
2 2 8 95 48
2 2 9 94 48
2 2 10 94 48
2 2 11 95 48
2 2 10 96 48
2 2 11 97 48
2 2 11 96 48
2 2 11 95 48
2 2 12 94 48
2 2 13 95 48
2 2 14 95 48
2 2 15 95 48
2 2 16 94 48
2 2 17 95 48
2 2 18 96 48
2 2 19 96 48
2 2 20 97 48
2 2 21 96 48
2 2 22 97 48
2 2 23 96 48
2 2 24 96 48
2 2 25 97 48
2 2 26 96 48
2 2 27 96 48
2 2 28 96 48
2 2 29 95 48
2 2 30 94 48
2 2 31 93 48
2 2 32 93 48
2 2 33 93 48
2 2 34 92 48
2 2 35 92 48
2 2 36 93 48
2 2 37 92 48
2 2 38 93 48
2 2 39 94 48
2 2 40 93 48
2 2 41 93 48
2 2 42 93 48
2 2 42 92 48
2 2 43 91 48
2 2 44 92 48
2 2 44 93 48
2 2 45 93 48
2 2 46 94 48
2 2 45 95 48
2 2 44 96 48
2 2 43 95 48
2 2 42 95 48
2 2 43 95 48
2 2 44 96 48
2 2 44 97 48
2 2 44 98 48
2 2 45 98 48
2 2 46 98 48
2 2 47 99 48
2 2 48 99 48
2 2 49 100 48
2 2 50 101 48
2 2 49 102 48
2 2 50 101 48
2 2 51 102 48
2 2 52 102 48
2 2 53 103 48
2 2 52 104 48
2 2 51 104 48
2 2 50 105 48
2 2 49 106 48
2 2 48 107 48
2 2 47 107 48
2 2 46 108 48
2 2 45 108 48
2 2 44 109 48
2 2 43 109 48
2 2 42 109 48
2 2 41 109 48
2 2 40 109 48
2 2 39 110 48
2 2 38 110 48
2 2 37 110 48
2 2 38 111 48
2 2 37 112 48
2 2 36 112 48
2 2 35 111 48
2 2 34 112 48
2 2 33 113 48
2 2 32 113 48
2 2 32 114 48
2 2 32 115 48
2 2 33 116 48
2 2 34 115 48
2 2 35 115 48
2 2 36 115 48
2 2 37 115 48
2 2 38 115 48
2 2 39 115 48
2 2 40 115 48
2 2 41 114 48
2 2 42 115 48
2 2 43 115 48
2 2 44 115 48
2 2 45 114 48
2 2 46 114 48
2 2 47 113 48
2 2 48 113 48
2 2 49 113 48
2 2 50 113 48
2 2 51 112 48
2 2 52 113 48
2 2 52 114 48
2 2 53 115 48
2 2 53 116 48
2 2 54 115 48
2 2 55 116 48
2 2 55 115 48
2 2 56 114 48
2 2 57 115 48
2 2 58 116 48
2 2 58 117 48
2 2 59 117 48
2 2 60 117 48
2 2 61 118 48
2 2 62 118 48
2 2 63 117 48
2 2 64 118 48
2 2 65 117 48
2 2 66 118 48
2 2 66 119 48
2 2 65 120 48
2 2 64 121 48
2 2 63 120 48
2 2 62 120 48
2 2 62 121 48
2 2 62 122 48
2 2 63 122 48
2 2 64 121 48
2 2 65 120 48
2 2 66 121 48
2 2 66 122 48
2 2 67 122 48
2 2 68 123 48
2 2 68 124 48
2 2 69 125 48
2 2 68 126 48
2 2 67 127 48
2 2 66 126 48
2 2 65 126 48
2 2 64 125 48
2 2 65 124 48
2 2 64 124 48
2 2 63 124 48
2 2 64 125 48
2 2 63 126 48
2 2 62 127 48
2 2 61 126 48
2 2 60 126 48
2 2 59 127 48
2 2 60 127 48
2 2 61 127 48
2 2 62 127 48
2 2 63 127 48
2 2 63 126 48
2 2 64 125 48
2 2 65 126 48
2 2 65 127 48
2 2 66 128 48
2 2 65 129 48
2 2 65 130 48
2 2 66 130 48
2 2 67 131 48
2 2 67 132 48
2 2 68 132 48
2 2 69 133 48
2 2 69 134 48
2 2 69 135 48
2 2 68 136 48
2 2 67 135 48
2 2 66 136 48
2 2 67 135 48
2 2 68 136 48
2 2 68 137 48
2 2 69 137 48
2 2 70 138 48
2 2 70 139 48
2 2 71 139 48
2 2 72 140 48
2 2 73 139 48
2 2 74 140 48
2 2 75 139 48
2 2 76 140 48
2 2 76 141 48
2 2 76 140 48
2 2 77 139 48
2 2 78 140 48
2 2 79 139 48
2 2 80 139 48
2 2 81 138 48
2 2 82 138 48
2 2 83 139 48
2 2 82 140 48
2 2 81 141 48
2 2 80 142 48
2 2 81 143 48
2 2 82 144 48
2 2 83 144 48
2 2 84 145 48
2 2 84 146 48
2 2 85 145 48
2 2 86 146 48
2 2 87 146 48
2 2 88 147 48
2 2 89 148 48
2 2 90 148 48
2 2 91 149 48
2 2 92 149 48
2 2 93 149 48
2 2 94 148 48
2 2 95 149 48
2 2 96 149 48
2 2 97 150 48
2 2 97 151 48
2 2 97 150 48
2 2 98 149 48
2 2 99 150 48
2 2 100 149 48
2 2 101 150 48
2 2 102 150 48
2 2 103 150 48
2 2 104 150 48
2 2 103 150 48
2 2 102 149 48
2 2 101 150 48
2 2 100 149 48
2 2 100 148 48
2 2 101 147 48
2 2 102 147 48
2 2 103 146 48
2 2 104 147 48
2 2 105 147 48
2 2 105 146 48
2 2 106 145 48
2 2 107 146 48
2 2 108 146 48
2 2 109 146 48
2 2 110 146 48
2 2 111 146 48
2 2 112 146 48
2 2 113 146 48
2 2 113 145 48
2 2 114 144 48
2 2 115 144 48
2 2 116 145 48
2 2 117 145 48
2 2 118 145 48
2 2 119 145 48
2 2 120 145 48
2 2 121 145 48
2 2 122 144 48
2 2 122 143 48
2 2 122 142 48
2 2 123 141 48
2 2 124 141 48
2 2 125 140 48
2 2 126 141 48
2 2 127 141 48
2 2 128 141 48
2 2 129 141 48
2 2 130 142 48
2 2 131 142 48
2 2 132 142 48
2 2 133 142 48
2 2 134 142 48
2 2 135 142 48
2 2 136 143 48
2 2 136 142 48
2 2 137 141 48
2 2 138 142 48
2 2 139 142 48
2 2 140 143 48
2 2 141 143 48
2 2 141 142 48
2 2 141 141 48
2 2 142 140 48
2 2 143 140 48
2 2 142 140 48
2 2 141 140 48
2 2 140 139 48
2 2 139 140 48
2 2 138 140 48
2 2 137 141 48
2 2 136 140 48
2 2 135 139 48
2 2 135 138 48
2 2 134 137 48
2 2 134 136 48
2 2 135 135 48
2 2 135 134 48
2 2 134 134 48
2 2 133 134 48
2 2 132 133 48
2 2 131 133 48
2 2 130 133 48
2 2 129 132 48
2 2 128 132 48
2 2 127 132 48
2 2 126 131 48
2 2 125 131 48
2 2 124 131 48
2 2 123 131 48
2 2 122 130 48
2 2 121 131 48
2 2 120 132 48
2 2 119 131 48
2 2 118 132 48
2 2 117 131 48
2 2 116 131 48
2 2 115 132 48
2 2 114 131 48
2 2 114 130 48
2 2 115 129 48
2 2 114 128 48
2 2 113 129 48
2 2 112 129 48
2 2 111 128 48
2 2 112 127 48
2 2 113 126 48
2 2 112 125 48
2 2 112 124 48
2 2 111 124 48
2 2 110 124 48
2 2 109 123 48
2 2 110 122 48
2 2 109 121 48
2 2 108 120 48
2 2 107 120 48
2 2 106 119 48
2 2 105 118 48
2 2 105 117 48
2 2 105 118 48
2 2 104 119 48
2 2 103 118 48
2 2 102 117 48
2 2 101 116 48
2 2 101 115 48
2 2 100 114 48
2 2 101 113 48
2 2 102 112 48
2 2 103 112 48
2 2 103 111 48
2 2 104 110 48
2 2 105 111 48
2 2 106 111 48
2 2 106 110 48
2 2 105 111 48
2 2 104 110 48
2 2 104 109 48
2 2 103 108 48
2 2 104 107 48
2 2 105 107 48
2 2 106 108 48
2 2 107 108 48
2 2 107 107 48
2 2 106 106 48
2 2 107 105 48
2 2 108 105 48
2 2 109 104 48
2 2 110 104 48
2 2 111 105 48
2 2 112 105 48
2 2 113 106 48
2 2 114 105 48
2 2 115 106 48
2 2 115 105 48
2 2 114 104 48
2 2 115 103 48
2 2 116 102 48
2 2 117 103 48
2 2 118 103 48
2 2 117 102 48
2 2 118 101 48
2 2 117 100 48
2 2 116 99 48
2 2 115 100 48
2 2 114 100 48
2 2 113 99 48
2 2 114 98 48
2 2 113 98 48
2 2 112 98 48
2 2 111 98 48
2 2 110 98 48
2 2 109 98 48
2 2 108 99 48
2 2 107 98 48
2 2 106 98 48
2 2 105 98 48
2 2 104 98 48
2 2 103 98 48
2 2 102 98 48
2 2 101 98 48
2 2 100 98 48
2 2 99 97 48
2 2 99 96 48
2 2 100 95 48
2 2 99 96 48
2 2 98 96 48
2 2 97 95 48
2 2 96 94 48
2 2 97 93 48
2 2 98 92 48
2 2 97 91 48
2 2 98 90 48
2 2 99 90 48
2 2 100 90 48
2 2 99 89 48
2 2 98 88 48
2 2 99 89 48
2 2 98 90 48
2 2 97 90 48
2 2 96 89 48
2 2 95 89 48
2 2 94 88 48
2 2 95 87 48
2 2 96 87 48
2 2 96 86 48
2 2 95 87 48
2 2 94 86 48
2 2 93 87 48
2 2 92 87 48
2 2 91 87 48
2 2 90 87 48
2 2 91 88 48
2 2 90 89 48
2 2 89 89 48
2 2 88 88 48
2 2 88 89 48
2 2 87 90 48
2 2 86 90 48
2 2 85 89 48
2 2 86 90 48
2 2 86 91 48
2 2 86 92 48
2 2 85 93 48
2 2 84 94 48
2 2 83 94 48
2 2 82 94 48
2 2 81 93 48
2 2 82 92 48
2 2 83 92 48
2 2 84 91 48
2 2 83 91 48
2 2 82 91 48
2 2 82 92 48
2 2 81 93 48
2 2 80 94 48
2 2 79 93 48
2 2 78 94 48
2 2 77 94 48
2 2 76 95 48
2 2 75 94 48
2 2 74 94 48
2 2 73 94 48
2 2 72 95 48
2 2 71 94 48
2 2 71 93 48
2 2 70 92 48
2 2 69 92 48
2 2 68 92 48
2 2 67 91 48
2 2 67 92 48
2 2 67 93 48
2 2 66 94 48
2 2 65 93 48
2 2 64 93 48
2 2 63 93 48
2 2 62 93 48
2 2 61 93 48
2 2 60 94 48
2 2 59 94 48
2 2 59 95 48
2 2 58 96 48
2 2 57 95 48
2 2 56 95 48
2 2 55 94 48
2 2 56 93 48
2 2 56 92 48
2 2 57 91 48
2 2 58 90 48
2 2 57 91 48
2 2 56 91 48
2 2 55 90 48
2 2 54 90 48
2 2 53 90 48
2 2 54 90 48
2 2 55 91 48
2 2 54 92 48
2 2 53 92 48
2 2 52 93 48
2 2 51 92 48
2 2 50 92 48
2 2 49 91 48
2 2 48 91 48
2 2 47 91 48
2 2 46 91 48
2 2 45 92 48
2 2 44 91 48
2 2 44 90 48
2 2 43 91 48
2 2 42 91 48
2 2 42 92 48
2 2 41 93 48
2 2 40 93 48
2 2 39 94 48
2 2 38 93 48
2 2 38 92 48
2 2 39 91 48
2 2 40 91 48
2 2 39 91 48
2 2 38 90 48
2 2 38 89 48
2 2 38 88 48
2 2 39 87 48
2 2 40 86 48
2 2 41 87 48
2 2 42 88 48
2 2 43 87 48
2 2 44 86 48
2 2 45 86 48
2 2 46 87 48
2 2 45 88 48
2 2 46 87 48
2 2 47 87 48
2 2 48 86 48
2 2 49 87 48
2 2 50 88 48
2 2 49 89 48
2 2 50 88 48
2 2 51 87 48
2 2 52 87 48
2 2 53 87 48
2 2 54 87 48
2 2 55 88 48
2 2 56 88 48
2 2 55 87 48
2 2 54 87 48
2 2 53 87 48
2 2 52 86 48
2 2 51 85 48
2 2 52 84 48
2 2 53 83 48
2 2 54 84 48
2 2 54 85 48
2 2 54 84 48
2 2 55 83 48
2 2 56 84 48
2 2 57 85 48
2 2 57 84 48
2 2 58 83 48
2 2 59 82 48
2 2 60 83 48
2 2 60 84 48
2 2 59 85 48
2 2 60 84 48
2 2 60 83 48
2 2 61 82 48
2 2 62 83 48
2 2 62 84 48
2 2 62 83 48
2 2 63 82 48
2 2 64 82 48
2 2 65 83 48
2 2 64 84 48
2 2 65 83 48
2 2 65 82 48
2 2 66 81 48
2 2 66 80 48
2 2 67 79 48
2 2 68 80 48
2 2 69 80 48
2 2 70 81 48
2 2 70 82 48
2 2 71 81 48
2 2 72 82 48
2 2 73 82 48
2 2 74 81 48
2 2 75 82 48
2 2 75 83 48
2 2 76 83 48
2 2 76 82 48
2 2 76 81 48
2 2 77 80 48
2 2 78 79 48
2 2 77 78 48
2 2 78 77 48
2 2 77 78 48
2 2 76 77 48
2 2 77 78 48
2 2 76 79 48
2 2 75 79 48
2 2 75 80 48
2 2 74 81 48
2 2 73 80 48
2 2 72 79 48
2 2 73 78 48
2 2 74 77 48
2 2 73 78 48
2 2 72 77 48
2 2 71 77 48
2 2 70 76 48
2 2 71 75 48
2 2 72 74 48
2 2 73 75 48
2 2 74 74 48
2 2 75 75 48
2 2 76 75 48
2 2 75 74 48
2 2 75 73 48
2 2 76 72 48
2 2 77 73 48
2 2 78 74 48
2 2 79 73 48
2 2 79 72 48
2 2 79 73 48
2 2 78 74 48
2 2 77 73 48
2 2 77 72 48
2 2 77 71 48
2 2 78 70 48
2 2 79 70 48
2 2 78 70 48
2 2 77 69 48
2 2 77 68 48
2 2 77 67 48
2 2 78 66 48
2 2 79 67 48
2 2 79 68 48
2 2 79 67 48
2 2 79 66 48
2 2 79 65 48
2 2 80 64 48
2 2 81 65 48
2 2 81 66 48
2 2 81 67 48
2 2 82 68 48
2 2 82 69 48
2 2 83 69 48
2 2 82 68 48
2 2 82 67 48
2 2 83 66 48
2 2 84 65 48
2 2 85 64 48
2 2 86 65 48
2 2 87 65 48
2 2 88 66 48
2 2 87 67 48
2 2 86 68 48
2 2 85 67 48
2 2 85 68 48
2 2 86 68 48
2 2 87 67 48
2 2 88 68 48
2 2 89 67 48
2 2 90 68 48
2 2 90 69 48
2 2 91 68 48
2 2 92 69 48
2 2 92 68 48
2 2 93 67 48
2 2 94 67 48
2 2 95 67 48
2 2 96 68 48
2 2 97 67 48
2 2 98 67 48
2 2 99 68 48
2 2 100 68 48
2 2 101 67 48
2 2 102 66 48
2 2 103 67 48
2 2 104 67 48
2 2 105 66 48
2 2 106 67 48
2 2 107 66 48
2 2 108 66 48
2 2 109 65 48
2 2 110 66 48
2 2 111 65 48
2 2 112 65 48
2 2 113 66 48
2 2 114 66 48
2 2 115 66 48
2 2 116 65 48
2 2 117 66 48
2 2 117 65 48
2 2 118 64 48
2 2 119 64 48
2 2 120 65 48
2 2 121 64 48
2 2 122 65 48
2 2 123 64 48
2 2 124 63 48
2 2 125 64 48
2 2 126 64 48
2 2 127 64 48
2 2 128 63 48
2 2 129 63 48
2 2 130 64 48
2 2 131 64 48
2 2 132 64 48
2 2 133 64 48
2 2 134 64 48
2 2 135 64 48
2 2 136 65 48
2 2 137 65 48
2 2 138 66 48
2 2 139 65 48
2 2 140 64 48
2 2 141 64 48
2 2 142 65 48
2 2 143 65 48
2 2 144 65 48
2 2 145 65 48
2 2 146 65 48
2 2 147 65 48
2 2 148 65 48
2 2 149 64 48
2 2 150 65 48
2 2 151 65 48
2 2 152 64 48
2 2 153 64 48
2 2 154 64 48
2 2 153 63 48
2 2 153 62 48
2 2 152 61 48
2 2 153 60 48
2 2 153 59 48
2 2 153 58 48
2 2 153 57 48
2 2 152 57 48
2 2 151 57 48
2 2 150 57 48
2 2 149 56 48
2 2 149 55 48
2 2 150 54 48
2 2 151 54 48
2 2 152 53 48
2 2 153 53 48
2 2 154 52 48
2 2 155 53 48
2 2 154 52 48
2 2 155 51 48
2 2 156 51 48
2 2 157 51 48
2 2 158 52 48
2 2 158 53 48
2 2 159 52 48
2 2 160 52 48
2 2 159 51 48
2 2 158 50 48
2 2 158 49 48
2 2 159 48 48
2 2 160 47 48
2 2 161 46 48
2 2 162 46 48
2 2 163 45 48
2 2 164 44 48
2 2 165 44 48
2 2 164 44 48
2 2 163 45 48
2 2 162 46 48
2 2 161 45 48
2 2 160 45 48
2 2 159 44 48
2 2 159 43 48
2 2 159 42 48
2 2 158 41 48
2 2 159 40 48
2 2 158 41 48
2 2 157 41 48
2 2 158 42 48
2 2 157 43 48
2 2 156 44 48
2 2 155 43 48
2 2 155 42 48
2 2 154 41 48
2 2 154 40 48
2 2 154 41 48
2 2 153 42 48
2 2 152 43 48
2 2 151 42 48
2 2 150 41 48
2 2 151 40 48
2 2 152 40 48
2 2 152 39 48
2 2 151 40 48
2 2 150 39 48
2 2 150 40 48
2 2 150 41 48
2 2 149 42 48
2 2 148 41 48
2 2 147 41 48
2 2 146 41 48
2 2 146 42 48
2 2 145 43 48
2 2 144 42 48
2 2 144 41 48
2 2 144 40 48
2 2 145 39 48
2 2 144 38 48
2 2 145 37 48
2 2 146 37 48
2 2 147 37 48
2 2 148 38 48
2 2 148 37 48
2 2 147 36 48
2 2 148 35 48
2 2 147 34 48
2 2 148 33 48
2 2 149 33 48
2 2 148 33 48
2 2 147 32 48
2 2 148 31 48
2 2 147 31 48
2 2 146 31 48
2 2 145 31 48
2 2 144 31 48
2 2 143 30 48
