1 1 1 1 0
1 1 1 2 0
1 1 1 3 0
1 1 1 4 0
1 1 1 5 0
1 1 1 6 0
1 1 1 7 0
1 1 1 8 0
1 1 1 9 0
1 1 1 10 0
1 1 1 11 0
1 1 1 12 0
1 1 1 13 0
1 1 1 14 0
1 1 1 15 0
1 1 1 16 0
1 1 1 17 0
1 1 1 18 0
1 1 1 19 0
1 1 1 20 0
1 1 1 21 0
1 1 1 22 0
1 1 1 23 0
1 1 1 24 0
1 1 1 25 0
1 1 1 26 0
1 1 1 27 0
1 1 1 28 0
1 1 1 29 0
1 1 1 30 0
1 1 1 31 0
1 1 1 32 0
1 1 1 33 0
1 1 1 34 0
1 1 1 35 0
1 1 1 36 0
1 1 1 37 0
1 1 1 38 0
1 1 1 39 0
1 1 1 40 0
1 1 1 41 0
1 1 1 42 0
1 1 1 43 0
1 1 1 44 0
1 1 1 45 0
1 1 1 46 0
1 1 1 47 0
1 1 1 48 0
1 1 1 49 0
1 1 1 50 0
1 1 1 51 0
1 1 1 52 0
1 1 1 53 0
1 1 1 54 0
1 1 1 55 0
1 1 1 56 0
1 1 1 57 0
1 1 1 58 0
1 1 1 59 0
1 1 1 60 0
1 1 1 61 0
1 1 1 62 0
1 1 1 63 0
1 1 1 64 0
1 1 1 65 0
1 1 1 66 0
1 1 1 67 0
1 1 1 68 0
1 1 1 69 0
1 1 1 70 0
1 1 1 71 0
1 1 1 72 0
1 1 1 73 0
1 1 1 74 0
1 1 1 75 0
1 1 1 76 0
1 1 1 77 0
1 1 1 78 0
1 1 1 79 0
1 1 1 80 0
1 1 1 81 0
1 1 1 82 0
1 1 1 83 0
1 1 1 84 0
1 1 1 85 0
1 1 1 86 0
1 1 1 87 0
1 1 1 88 0
1 1 1 89 0
1 1 1 90 0
1 1 1 91 0
1 1 1 92 0
1 1 1 93 0
1 1 1 94 0
1 1 1 95 0
1 1 1 96 0
1 1 1 97 0
1 1 1 98 0
1 1 1 99 0
1 1 1 100 0
1 1 1 101 0
1 1 1 102 0
1 1 1 103 0
1 1 1 104 0
1 1 1 105 0
1 1 1 106 0
1 1 1 107 0
1 1 1 108 0
1 1 1 109 0
1 1 1 110 0
1 1 1 111 0
1 1 1 112 0
1 1 1 113 0
1 1 1 114 0
1 1 1 115 0
1 1 1 116 0
1 1 1 117 0
1 1 1 118 0
1 1 1 119 0
1 1 1 120 0
1 1 1 121 0
1 1 1 122 0
1 1 1 123 0
1 1 1 124 0
1 1 1 125 0
1 1 1 126 0
1 1 1 127 0
1 1 1 128 0
1 1 1 129 0
1 1 1 130 0
1 1 1 131 0
1 1 1 132 0
1 1 1 133 0
1 1 1 134 0
1 1 1 135 0
1 1 1 136 0
1 1 1 137 0
1 1 1 138 0
1 1 1 139 0
1 1 1 140 0
1 1 1 141 0
1 1 1 142 0
1 1 1 143 0
1 1 1 144 0
1 1 1 145 0
1 1 1 146 0
1 1 1 147 0
1 1 1 148 0
1 1 1 149 0
1 1 1 150 0
1 1 1 151 0
1 1 1 152 0
1 1 1 153 0
1 1 1 154 0
1 1 1 155 0
1 1 1 156 0
1 1 1 157 0
1 1 1 158 0
1 1 1 159 0
1 1 1 160 0
1 1 1 161 0
1 1 1 162 0
1 1 1 163 0
1 1 1 164 0
1 1 1 165 0
1 1 1 166 0
1 1 1 167 0
1 1 1 168 0
1 1 1 169 0
1 1 1 170 0
1 1 1 171 0
1 1 1 172 0
1 1 1 173 0
1 1 1 174 0
1 1 1 175 0
1 1 1 176 0
1 1 1 177 0
1 1 1 178 0
1 1 1 179 0
1 1 1 180 0
1 1 1 181 0
1 1 1 182 0
1 1 1 183 0
1 1 1 184 0
1 1 1 185 0
1 1 1 186 0
1 1 1 187 0
1 1 1 188 0
1 1 1 189 0
1 1 1 190 0
1 1 1 191 0
1 1 1 192 0
1 1 1 193 0
1 1 1 194 0
1 1 1 195 0
1 1 1 196 0
1 1 1 197 0
1 1 1 198 0
1 1 1 199 0
1 1 1 200 0
1 1 1 201 0
1 1 1 202 0
1 1 1 203 0
1 1 1 204 0
1 1 1 205 0
1 1 1 206 0
1 1 1 207 0
1 1 1 208 0
1 1 1 209 0
1 1 1 210 0
1 1 1 211 0
1 1 2 211 0
1 1 3 211 0
1 1 4 211 0
1 1 5 211 0
1 1 6 211 0
1 1 7 211 0
1 1 8 211 0
1 1 9 211 0
1 1 10 211 0
1 1 11 211 0
1 1 12 211 0
1 1 13 211 0
1 1 14 211 0
1 1 15 211 0
1 1 16 211 0
1 1 17 211 0
1 1 18 211 0
1 1 19 211 0
1 1 20 211 0
1 1 21 211 0
1 1 22 211 0
1 1 23 211 0
1 1 24 211 0
1 1 25 211 0
1 1 26 211 0
1 1 27 211 0
1 1 28 211 0
1 1 29 211 0
1 1 30 211 0
1 1 31 211 0
1 1 32 211 0
1 1 33 211 0
1 1 34 211 0
1 1 35 211 0
1 1 36 211 0
1 1 37 211 0
1 1 38 211 0
1 1 39 211 0
1 1 40 211 0
1 1 41 211 0
1 1 42 211 0
1 1 43 211 0
1 1 44 211 0
1 1 45 211 0
1 1 46 211 0
1 1 47 211 0
1 1 48 211 0
1 1 49 211 0
1 1 50 211 0
1 1 51 211 0
1 1 52 211 0
1 1 53 211 0
1 1 54 211 0
1 1 55 211 0
1 1 56 211 0
1 1 57 211 0
1 1 58 211 0
1 1 59 211 0
1 1 60 211 0
1 1 61 211 0
1 1 62 211 0
1 1 63 211 0
1 1 64 211 0
1 1 65 210 0
1 1 66 211 0
1 1 67 211 0
1 1 68 211 0
1 1 69 211 0
1 1 70 211 0
1 1 71 211 0
1 1 72 211 0
1 1 73 211 0
1 1 74 211 0
1 1 75 211 0
1 1 76 211 0
1 1 77 211 0
1 1 78 211 0
1 1 79 211 0
1 1 80 211 0
1 1 81 211 0
1 1 82 211 0
1 1 83 211 0
1 1 84 211 0
1 1 85 211 0
1 1 86 211 0
1 1 87 211 0
1 1 88 211 0
1 1 89 211 0
1 1 90 211 0
1 1 91 211 0
1 1 92 211 0
1 1 93 211 0
1 1 94 211 0
1 1 95 211 0
1 1 96 211 0
1 1 97 211 0
1 1 98 211 0
1 1 99 211 0
1 1 100 211 0
1 1 101 211 0
1 1 102 211 0
1 1 103 211 0
1 1 104 211 0
1 1 105 211 0
1 1 106 211 0
1 1 107 211 0
1 1 108 211 0
1 1 109 211 0
1 1 110 211 0
1 1 111 211 0
1 1 112 211 0
1 1 113 211 0
1 1 114 211 0
1 1 115 211 0
1 1 116 211 0
1 1 117 211 0
1 1 118 211 0
1 1 119 211 0
1 1 120 211 0
1 1 121 211 0
1 1 122 211 0
1 1 123 211 0
1 1 124 211 0
1 1 125 211 0
1 1 126 211 0
1 1 127 211 0
1 1 128 211 0
1 1 129 211 0
1 1 130 211 0
1 1 131 211 0
1 1 132 211 0
1 1 133 211 0
1 1 134 211 0
1 1 135 211 0
1 1 136 211 0
1 1 137 211 0
1 1 138 211 0
1 1 139 211 0
1 1 140 211 0
1 1 141 211 0
1 1 142 211 0
1 1 143 211 0
1 1 144 211 0
1 1 145 211 0
1 1 146 211 0
1 1 147 211 0
1 1 148 211 0
1 1 149 211 0
1 1 150 211 0
1 1 151 211 0
1 1 152 211 0
1 1 153 211 0
1 1 154 211 0
1 1 155 211 0
1 1 156 211 0
1 1 157 211 0
1 1 158 211 0
1 1 159 211 0
1 1 160 211 0
1 1 161 211 0
1 1 162 211 0
1 1 163 211 0
1 1 164 211 0
1 1 165 211 0
1 1 166 211 0
1 1 167 211 0
1 1 168 211 0
1 1 169 211 0
1 1 170 211 0
1 1 171 211 0
1 1 172 211 0
1 1 173 211 0
1 1 174 211 0
1 1 175 211 0
1 1 176 211 0
1 1 177 211 0
1 1 178 211 0
1 1 179 211 0
1 1 180 211 0
1 1 181 211 0
1 1 182 211 0
1 1 183 211 0
1 1 184 211 0
1 1 185 211 0
1 1 186 211 0
1 1 187 211 0
1 1 188 211 0
1 1 189 211 0
1 1 190 211 0
1 1 191 211 0
1 1 192 211 0
1 1 193 211 0
1 1 194 211 0
1 1 195 211 0
1 1 196 211 0
1 1 197 211 0
1 1 198 211 0
1 1 199 211 0
1 1 200 211 0
1 1 201 211 0
1 1 202 211 0
1 1 202 210 0
1 1 202 209 0
1 1 202 208 0
1 1 202 207 0
1 1 202 206 0
1 1 202 205 0
1 1 202 204 0
1 1 202 203 0
1 1 202 202 0
1 1 202 201 0
1 1 202 200 0
1 1 202 199 0
1 1 202 198 0
1 1 202 197 0
1 1 202 196 0
1 1 202 195 0
1 1 202 194 0
1 1 202 193 0
1 1 202 192 0
1 1 202 191 0
1 1 202 190 0
1 1 202 189 0
1 1 202 188 0
1 1 202 187 0
1 1 202 186 0
1 1 202 185 0
1 1 202 184 0
1 1 202 183 0
1 1 202 182 0
1 1 202 181 0
1 1 202 180 0
1 1 202 179 0
1 1 202 178 0
1 1 202 177 0
1 1 202 176 0
1 1 202 175 0
1 1 202 174 0
1 1 202 173 0
1 1 202 172 0
1 1 202 171 0
1 1 202 170 0
1 1 202 169 0
1 1 202 168 0
1 1 202 167 0
1 1 202 166 0
1 1 202 165 0
1 1 202 164 0
1 1 202 163 0
1 1 202 162 0
1 1 202 161 0
1 1 202 160 0
1 1 202 159 0
1 1 202 158 0
1 1 202 157 0
1 1 202 156 0
1 1 202 155 0
1 1 202 154 0
1 1 202 153 0
1 1 202 152 0
1 1 202 151 0
1 1 202 150 0
1 1 202 149 0
1 1 202 148 0
1 1 202 147 0
1 1 202 146 0
1 1 202 145 0
1 1 202 144 0
1 1 202 143 0
1 1 202 142 0
1 1 202 141 0
1 1 202 140 0
1 1 202 139 0
1 1 202 138 0
1 1 202 137 0
1 1 202 136 0
1 1 202 135 0
1 1 202 134 0
1 1 202 133 0
1 1 202 132 0
1 1 202 131 0
1 1 202 130 0
1 1 202 129 0
1 1 202 128 0
1 1 202 127 0
1 1 202 126 0
1 1 202 125 0
1 1 202 124 0
1 1 202 123 0
1 1 202 122 0
1 1 202 121 0
1 1 202 120 0
1 1 202 119 0
1 1 202 118 0
1 1 202 117 0
1 1 202 116 0
1 1 202 115 0
1 1 202 114 0
1 1 202 113 0
1 1 202 112 0
1 1 202 111 0
1 1 202 110 0
1 1 202 109 0
1 1 202 108 0
1 1 202 107 0
1 1 202 106 0
1 1 202 105 0
1 1 202 104 0
1 1 202 103 0
1 1 202 102 0
1 1 202 101 0
1 1 202 100 0
1 1 202 99 0
1 1 202 98 0
1 1 202 97 0
1 1 202 96 0
1 1 202 95 0
1 1 202 94 0
1 1 202 93 0
1 1 202 92 0
1 1 202 91 0
1 1 202 90 0
1 1 202 89 0
1 1 202 88 0
1 1 202 87 0
1 1 202 86 0
1 1 202 85 0
1 1 202 84 0
1 1 202 83 0
1 1 202 82 0
1 1 202 81 0
1 1 202 80 0
1 1 202 79 0
1 1 202 78 0
1 1 202 77 0
1 1 202 76 0
1 1 202 75 0
1 1 202 74 0
1 1 202 73 0
1 1 202 72 0
1 1 202 71 0
1 1 202 70 0
1 1 202 69 0
1 1 202 68 0
1 1 202 67 0
1 1 202 66 0
1 1 202 65 0
1 1 202 64 0
1 1 202 63 0
1 1 202 62 0
1 1 202 61 0
1 1 202 60 0
1 1 202 59 0
1 1 202 58 0
1 1 202 57 0
1 1 202 56 0
1 1 202 55 0
1 1 202 54 0
1 1 202 53 0
1 1 202 52 0
1 1 202 51 0
1 1 202 50 0
1 1 202 49 0
1 1 202 48 0
1 1 202 47 0
1 1 202 46 0
1 1 202 45 0
1 1 202 44 0
1 1 202 43 0
1 1 202 42 0
1 1 202 41 0
1 1 202 40 0
1 1 202 39 0
1 1 202 38 0
1 1 202 37 0
1 1 202 36 0
1 1 202 35 0
1 1 202 34 0
1 1 202 33 0
1 1 202 32 0
1 1 202 31 0
1 1 202 30 0
1 1 202 29 0
1 1 202 28 0
1 1 202 27 0
1 1 202 26 0
1 1 202 25 0
1 1 202 24 0
1 1 202 23 0
1 1 202 22 0
1 1 202 21 0
1 1 202 20 0
1 1 202 19 0
1 1 202 18 0
1 1 202 17 0
1 1 202 16 0
1 1 202 15 0
1 1 201 15 0
1 1 200 15 0
1 1 201 16 0
1 1 201 17 0
1 1 200 18 0
1 1 200 19 0
1 1 201 20 0
1 1 200 21 0
1 1 200 22 0
1 1 200 23 0
1 1 200 24 0
1 1 200 25 0
1 1 200 26 0
1 1 200 27 0
1 1 200 28 0
1 1 200 29 0
1 1 200 30 0
1 1 200 31 0
1 1 201 32 0
1 1 200 33 0
1 1 200 34 0
1 1 199 35 0
1 1 200 36 0
1 1 200 37 0
1 1 199 38 0
1 1 200 39 0
1 1 200 40 0
1 1 199 41 0
1 1 200 42 0
1 1 200 43 0
1 1 200 44 0
1 1 199 45 0
1 1 200 46 0
1 1 199 47 0
1 1 200 48 0
1 1 200 49 0
1 1 200 50 0
1 1 200 51 0
1 1 200 52 0
1 1 200 53 0
1 1 200 54 0
1 1 200 55 0
1 1 201 56 0
1 1 200 57 0
1 1 200 58 0
1 1 200 59 0
1 1 200 60 0
1 1 200 61 0
1 1 200 62 0
1 1 201 63 0
1 1 200 64 0
1 1 200 65 0
1 1 201 66 0
1 1 200 67 0
1 1 201 68 0
1 1 201 69 0
1 1 200 70 0
1 1 201 71 0
1 1 201 72 0
1 1 201 73 0
1 1 201 74 0
1 1 200 75 0
1 1 201 76 0
1 1 200 77 0
1 1 201 78 0
1 1 200 79 0
1 1 201 80 0
1 1 201 81 0
1 1 201 82 0
1 1 200 83 0
1 1 199 83 0
1 1 200 84 0
1 1 200 85 0
1 1 200 86 0
1 1 199 87 0
1 1 200 88 0
1 1 199 89 0
1 1 200 90 0
1 1 200 91 0
1 1 200 92 0
1 1 200 93 0
1 1 200 94 0
1 1 201 95 0
1 1 200 96 0
1 1 199 97 0
1 1 198 97 0
1 1 199 97 0
1 1 200 98 0
1 1 200 99 0
1 1 199 100 0
1 1 200 101 0
1 1 200 102 0
1 1 199 103 0
1 1 200 103 0
1 1 201 104 0
1 1 200 105 0
1 1 199 106 0
1 1 200 107 0
1 1 199 108 0
1 1 200 109 0
1 1 200 110 0
1 1 199 111 0
1 1 200 112 0
1 1 200 113 0
1 1 200 114 0
1 1 200 115 0
1 1 200 116 0
1 1 200 117 0
1 1 200 118 0
1 1 200 119 0
1 1 200 120 0
1 1 199 121 0
1 1 200 122 0
1 1 200 123 0
1 1 200 124 0
1 1 200 125 0
1 1 200 126 0
1 1 200 127 0
1 1 200 128 0
1 1 200 129 0
1 1 199 130 0
1 1 200 131 0
1 1 200 132 0
1 1 201 133 0
1 1 200 134 0
1 1 200 135 0
1 1 200 136 0
1 1 200 137 0
1 1 200 138 0
1 1 200 139 0
1 1 200 140 0
1 1 200 141 0
1 1 201 142 0
1 1 201 143 0
1 1 200 144 0
1 1 200 145 0
1 1 200 146 0
1 1 200 147 0
1 1 200 148 0
1 1 200 149 0
1 1 200 150 0
1 1 200 151 0
1 1 201 152 0
1 1 200 153 0
1 1 200 154 0
1 1 200 155 0
1 1 200 156 0
1 1 200 157 0
1 1 201 158 0
1 1 200 159 0
1 1 200 160 0
1 1 200 161 0
1 1 201 162 0
1 1 201 163 0
1 1 201 164 0
1 1 200 165 0
1 1 200 166 0
1 1 201 167 0
1 1 200 168 0
1 1 200 169 0
1 1 200 170 0
1 1 200 171 0
1 1 200 172 0
1 1 200 173 0
1 1 200 174 0
1 1 200 175 0
1 1 201 176 0
1 1 200 177 0
1 1 200 178 0
1 1 201 179 0
1 1 200 180 0
1 1 200 181 0
1 1 201 182 0
1 1 200 183 0
1 1 200 184 0
1 1 199 185 0
1 1 200 186 0
1 1 200 187 0
1 1 200 188 0
1 1 200 189 0
1 1 199 190 0
1 1 200 191 0
1 1 200 192 0
1 1 200 193 0
1 1 200 194 0
1 1 199 195 0
1 1 199 196 0
1 1 199 197 0
1 1 198 198 0
1 1 197 198 0
1 1 196 199 0
1 1 195 199 0
1 1 194 199 0
1 1 193 199 0
1 1 192 200 0
1 1 191 200 0
1 1 190 200 0
1 1 189 200 0
1 1 188 200 0
1 1 187 200 0
1 1 186 200 0
1 1 185 200 0
1 1 184 200 0
1 1 183 200 0
1 1 182 200 0
1 1 181 201 0
1 1 180 200 0
1 1 179 201 0
1 1 178 201 0
1 1 177 201 0
1 1 176 201 0
1 1 175 201 0
1 1 174 201 0
1 1 173 201 0
1 1 172 201 0
1 1 171 201 0
1 1 170 201 0
1 1 169 201 0
1 1 168 201 0
1 1 167 201 0
1 1 166 201 0
1 1 165 201 0
1 1 164 201 0
1 1 163 201 0
1 1 162 201 0
1 1 161 202 0
1 1 160 202 0
1 1 159 202 0
1 1 158 202 0
1 1 157 201 0
1 1 156 202 0
1 1 155 202 0
1 1 154 202 0
1 1 153 202 0
1 1 152 202 0
1 1 151 202 0
1 1 150 202 0
1 1 149 201 0
1 1 148 202 0
1 1 147 202 0
1 1 146 202 0
1 1 145 202 0
1 1 144 202 0
1 1 143 202 0
1 1 142 202 0
1 1 141 202 0
1 1 140 202 0
1 1 139 203 0
1 1 138 202 0
1 1 137 202 0
1 1 136 202 0
1 1 135 203 0
1 1 134 203 0
1 1 133 203 0
1 1 132 203 0
1 1 131 203 0
1 1 130 203 0
1 1 129 202 0
1 1 128 203 0
1 1 127 203 0
1 1 126 203 0
1 1 125 203 0
1 1 124 203 0
1 1 123 203 0
1 1 122 203 0
1 1 121 203 0
1 1 120 203 0
1 1 119 203 0
1 1 118 203 0
1 1 117 203 0
1 1 116 203 0
1 1 115 203 0
1 1 114 203 0
1 1 113 204 0
1 1 112 203 0
1 1 111 203 0
1 1 110 203 0
1 1 109 204 0
1 1 108 203 0
1 1 107 204 0
1 1 106 203 0
1 1 105 204 0
1 1 104 204 0
1 1 103 204 0
1 1 102 204 0
1 1 101 204 0
1 1 100 204 0
1 1 99 204 0
1 1 98 204 0
1 1 97 203 0
1 1 96 204 0
1 1 95 204 0
1 1 94 204 0
1 1 93 204 0
1 1 92 204 0
1 1 91 203 0
1 1 90 204 0
1 1 89 204 0
1 1 88 204 0
1 1 87 204 0
1 1 86 204 0
1 1 85 204 0
1 1 84 204 0
1 1 83 204 0
1 1 82 204 0
1 1 81 205 0
1 1 80 204 0
1 1 79 204 0
1 1 78 204 0
1 1 77 204 0
1 1 76 204 0
1 1 75 204 0
1 1 74 205 0
1 1 73 205 0
1 1 72 205 0
1 1 71 205 0
1 1 70 205 0
1 1 69 205 0
1 1 68 205 0
1 1 67 205 0
1 1 66 205 0
1 1 65 205 0
1 1 64 205 0
1 1 63 205 0
1 1 62 205 0
1 1 61 205 0
1 1 60 205 0
1 1 59 205 0
1 1 58 205 0
1 1 57 205 0
1 1 56 205 0
1 1 55 205 0
1 1 54 205 0
1 1 53 205 0
1 1 52 205 0
1 1 51 205 0
1 1 50 205 0
1 1 49 205 0
1 1 48 205 0
1 1 47 205 0
1 1 46 205 0
1 1 45 204 0
1 1 44 205 0
1 1 43 205 0
1 1 42 204 0
1 1 41 203 0
1 1 40 203 0
1 1 39 203 0
1 1 38 202 0
1 1 39 201 0
1 1 39 200 0
1 1 38 199 0
1 1 38 198 0
1 1 38 197 0
1 1 37 196 0
1 1 37 195 0
1 1 36 194 0
1 1 36 193 0
1 1 35 194 0
1 1 34 194 0
1 1 34 195 0
1 1 34 196 0
1 1 34 197 0
1 1 33 198 0
1 1 33 199 0
1 1 33 200 0
1 1 33 201 0
1 1 33 202 0
1 1 32 203 0
1 1 33 204 0
1 1 32 205 0
1 1 31 205 0
1 1 30 206 0
1 1 29 206 0
1 1 28 206 0
1 1 27 206 0
1 1 26 206 0
1 1 25 206 0
1 1 24 206 0
1 1 23 206 0
1 1 22 206 0
1 1 21 206 0
1 1 20 206 0
1 1 19 206 0
1 1 18 206 0
1 1 17 206 0
1 1 16 206 0
1 1 15 206 0
1 1 14 206 0
1 1 13 207 0
1 1 12 206 0
1 1 11 206 0
1 1 10 206 0
1 1 9 206 0
1 1 8 205 0
1 1 7 204 0
1 1 7 203 0
1 1 6 202 0
1 1 6 201 0
1 1 6 200 0
1 1 6 199 0
1 1 6 198 0
1 1 6 197 0
1 1 7 196 0
1 1 8 196 0
1 1 7 195 0
1 1 6 194 0
1 1 6 193 0
1 1 6 192 0
1 1 6 191 0
1 1 6 190 0
1 1 6 189 0
1 1 6 188 0
1 1 5 187 0
1 1 6 186 0
1 1 6 185 0
1 1 6 184 0
1 1 6 183 0
1 1 5 182 0
1 1 5 181 0
1 1 5 180 0
1 1 6 179 0
1 1 5 178 0
1 1 6 177 0
1 1 5 176 0
1 1 6 175 0
1 1 5 174 0
1 1 5 173 0
1 1 5 172 0
1 1 5 171 0
1 1 5 170 0
1 1 5 169 0
1 1 5 168 0
1 1 4 167 0
1 1 5 166 0
1 1 5 165 0
1 1 5 164 0
1 1 5 163 0
1 1 5 162 0
1 1 6 161 0
1 1 5 160 0
1 1 5 159 0
1 1 5 158 0
1 1 5 157 0
1 1 6 156 0
1 1 5 155 0
1 1 6 154 0
1 1 5 153 0
1 1 5 152 0
1 1 5 151 0
1 1 5 150 0
1 1 5 149 0
1 1 4 148 0
1 1 5 147 0
1 1 5 146 0
1 1 5 145 0
1 1 4 144 0
1 1 5 143 0
1 1 4 142 0
1 1 5 141 0
1 1 5 140 0
1 1 5 139 0
1 1 5 138 0
1 1 5 137 0
1 1 4 136 0
1 1 5 135 0
1 1 4 134 0
1 1 5 133 0
1 1 4 132 0
1 1 5 131 0
1 1 5 130 0
1 1 5 129 0
1 1 5 128 0
1 1 6 127 0
1 1 5 126 0
1 1 5 125 0
1 1 5 124 0
1 1 5 123 0
1 1 6 122 0
1 1 6 121 0
1 1 6 120 0
1 1 5 119 0
1 1 5 118 0
1 1 5 117 0
1 1 5 116 0
1 1 6 115 0
1 1 6 114 0
1 1 6 113 0
1 1 5 112 0
1 1 5 111 0
1 1 5 110 0
1 1 6 109 0
1 1 5 108 0
1 1 5 107 0
1 1 5 106 0
1 1 6 105 0
1 1 6 104 0
1 1 6 103 0
1 1 5 102 0
1 1 5 101 0
1 1 5 100 0
1 1 4 99 0
1 1 4 98 0
1 1 4 97 0
1 1 4 96 0
1 1 4 95 0
1 1 5 94 0
1 1 4 93 0
1 1 5 92 0
1 1 6 91 0
1 1 5 90 0
1 1 4 89 0
1 1 5 88 0
1 1 6 87 0
1 1 5 86 0
1 1 5 85 0
1 1 4 84 0
1 1 5 83 0
1 1 5 82 0
1 1 5 81 0
1 1 6 80 0
1 1 5 79 0
1 1 5 78 0
1 1 6 77 0
1 1 5 76 0
1 1 5 75 0
1 1 6 74 0
1 1 5 73 0
1 1 6 72 0
1 1 5 71 0
1 1 5 70 0
1 1 5 69 0
1 1 5 68 0
1 1 6 67 0
1 1 5 66 0
1 1 5 65 0
1 1 5 64 0
1 1 5 63 0
1 1 5 62 0
1 1 5 61 0
1 1 6 60 0
1 1 5 60 0
1 1 4 59 0
1 1 5 58 0
1 1 5 57 0
1 1 6 56 0
1 1 5 55 0
1 1 6 54 0
1 1 7 53 0
1 1 8 53 0
1 1 9 52 0
1 1 10 52 0
1 1 11 51 0
1 1 12 52 0
1 1 13 51 0
1 1 14 52 0
1 1 15 52 0
1 1 16 52 0
1 1 17 51 0
1 1 18 51 0
1 1 19 51 0
1 1 20 50 0
1 1 21 49 0
1 1 20 48 0
1 1 19 47 0
1 1 18 46 0
1 1 17 46 0
1 1 16 46 0
1 1 15 46 0
1 1 14 45 0
1 1 13 45 0
1 1 12 46 0
1 1 11 45 0
1 1 10 45 0
1 1 9 45 0
1 1 8 45 0
1 1 7 45 0
1 1 6 44 0
1 1 6 43 0
1 1 5 42 0
1 1 5 41 0
1 1 5 40 0
1 1 6 39 0
1 1 6 38 0
1 1 6 37 0
1 1 6 36 0
1 1 6 35 0
1 1 7 34 0
1 1 8 35 0
1 1 9 35 0
1 1 10 34 0
1 1 11 34 0
1 1 12 33 0
1 1 13 34 0
1 1 14 34 0
1 1 15 34 0
1 1 16 33 0
1 1 17 33 0
1 1 18 33 0
1 1 19 33 0
1 1 20 33 0
1 1 21 32 0
1 1 21 31 0
1 1 21 30 0
1 1 20 30 0
1 1 19 30 0
1 1 18 29 0
1 1 18 28 0
1 1 17 28 0
1 1 16 28 0
1 1 15 27 0
1 1 14 27 0
1 1 13 27 0
1 1 12 27 0
1 1 11 27 0
1 1 10 27 0
1 1 9 26 0
1 1 8 27 0
1 1 7 26 0
1 1 6 25 0
1 1 6 24 0
1 1 6 23 0
1 1 6 22 0
1 1 6 21 0
1 1 7 20 0
1 1 6 20 0
1 1 5 19 0
1 1 6 18 0
1 1 5 17 0
1 1 6 16 0
1 1 7 15 0
1 1 8 14 0
1 1 9 13 0
1 1 10 12 0
1 1 11 11 0
1 1 12 12 0
1 1 13 11 0
1 1 14 11 0
1 1 15 11 0
1 1 16 11 0
1 1 17 11 0
1 1 18 11 0
1 1 19 11 0
1 1 20 11 0
1 1 21 11 0
1 1 22 11 0
1 1 23 12 0
1 1 24 11 0
1 1 25 11 0
1 1 26 12 0
1 1 27 11 0
1 1 28 11 0
1 1 29 11 0
1 1 30 11 0
1 1 31 12 0
1 1 32 12 0
1 1 33 11 0
1 1 34 11 0
1 1 35 11 0
1 1 36 11 0
1 1 37 11 0
1 1 38 11 0
1 1 39 11 0
1 1 40 11 0
1 1 41 11 0
1 1 42 11 0
1 1 43 11 0
1 1 44 11 0
1 1 45 11 0
1 1 46 11 0
1 1 47 12 0
1 1 48 11 0
1 1 49 11 0
1 1 50 11 0
1 1 51 10 0
1 1 52 11 0
1 1 53 11 0
1 1 54 11 0
1 1 55 11 0
1 1 56 11 0
1 1 57 11 0
1 1 58 12 0
1 1 59 11 0
1 1 60 11 0
1 1 61 12 0
1 1 62 11 0
1 1 63 11 0
1 1 64 11 0
1 1 65 11 0
1 1 66 11 0
1 1 67 10 0
1 1 68 11 0
1 1 69 11 0
1 1 70 12 0
1 1 71 11 0
1 1 72 10 0
1 1 73 11 0
1 1 74 11 0
1 1 75 11 0
1 1 76 11 0
1 1 77 11 0
1 1 78 11 0
1 1 79 11 0
1 1 80 10 0
1 1 81 10 0
1 1 82 11 0
1 1 83 11 0
1 1 84 11 0
1 1 85 10 0
1 1 86 11 0
1 1 87 11 0
1 1 88 10 0
1 1 89 10 0
1 1 90 11 0
1 1 91 10 0
1 1 92 11 0
1 1 93 11 0
1 1 94 11 0
1 1 95 11 0
1 1 96 10 0
1 1 97 11 0
1 1 98 11 0
1 1 99 11 0
1 1 100 10 0
1 1 101 10 0
1 1 102 11 0
1 1 103 11 0
1 1 104 11 0
1 1 105 11 0
1 1 106 10 0
1 1 107 10 0
1 1 108 11 0
1 1 109 11 0
1 1 110 11 0
1 1 111 10 0
1 1 112 11 0
1 1 113 11 0
1 1 114 10 0
1 1 115 11 0
1 1 116 10 0
1 1 117 11 0
1 1 118 11 0
1 1 119 11 0
1 1 120 11 0
1 1 121 11 0
1 1 122 11 0
1 1 123 10 0
1 1 124 11 0
1 1 125 11 0
1 1 126 11 0
1 1 127 11 0
1 1 128 11 0
1 1 129 11 0
1 1 130 10 0
1 1 131 11 0
1 1 132 11 0
1 1 133 11 0
1 1 134 11 0
1 1 135 11 0
1 1 136 11 0
1 1 137 11 0
1 1 138 11 0
1 1 139 10 0
1 1 140 11 0
1 1 141 11 0
1 1 142 10 0
1 1 143 11 0
1 1 144 11 0
1 1 145 11 0
1 1 146 11 0
1 1 147 11 0
1 1 148 11 0
1 1 149 12 0
1 1 150 12 0
1 1 151 13 0
1 1 151 14 0
1 1 150 15 0
1 1 150 16 0
1 1 149 17 0
1 1 150 18 0
1 1 150 19 0
1 1 151 20 0
1 1 150 21 0
1 1 151 22 0
1 1 152 22 0
1 1 153 23 0
1 1 154 22 0
1 1 155 23 0
1 1 156 23 0
1 1 157 23 0
1 1 156 23 0
1 1 155 22 0
1 1 156 21 0
1 1 155 20 0
1 1 155 19 0
1 1 155 18 0
1 1 156 17 0
1 1 156 16 0
1 1 155 15 0
1 1 155 14 0
1 1 156 13 0
1 1 157 12 0
1 1 158 12 0
1 1 159 11 0
1 1 160 12 0
1 1 161 11 0
1 1 162 11 0
1 1 163 11 0
1 1 164 12 0
1 1 165 11 0
1 1 166 12 0
1 1 167 13 0
1 1 168 14 0
1 1 167 15 0
1 1 167 16 0
1 1 168 17 0
1 1 168 18 0
1 1 167 19 0
1 1 168 20 0
1 1 168 21 0
1 1 169 22 0
1 1 170 21 0
1 1 171 21 0
1 1 172 22 0
1 1 173 21 0
1 1 174 20 0
1 1 174 19 0
1 1 173 19 0
1 1 172 18 0
1 1 173 17 0
1 1 174 16 0
1 1 173 15 0
1 1 173 14 0
1 1 174 13 0
1 1 175 12 0
1 1 176 12 0
1 1 177 12 0
1 1 178 11 0
1 1 179 12 0
1 1 180 12 0
1 1 181 12 0
1 1 182 12 0
1 1 183 11 0
1 1 184 12 0
1 1 185 12 0
1 1 186 12 0
1 1 187 11 0
1 1 188 12 0
1 1 189 11 0
1 1 190 12 0
1 1 191 12 0
1 1 192 12 0
1 1 193 13 0
1 1 194 12 0
1 1 195 12 0
1 1 196 12 0
1 1 197 12 0
1 1 198 12 0
1 1 199 13 0
1 1 200 12 0
1 1 201 13 0
1 1 202 13 0
1 1 202 12 0
1 1 202 11 0
1 1 202 10 0
1 1 202 9 0
1 1 202 8 0
1 1 202 7 0
1 1 202 6 0
1 1 202 5 0
1 1 202 4 0
1 1 202 3 0
1 1 202 2 0
1 1 202 1 0
1 1 201 1 0
1 1 200 1 0
1 1 199 1 0
1 1 198 1 0
1 1 197 1 0
1 1 196 1 0
1 1 195 1 0
1 1 194 1 0
1 1 193 1 0
1 1 192 1 0
1 1 191 1 0
1 1 190 1 0
1 1 189 1 0
1 1 188 1 0
1 1 187 1 0
1 1 186 1 0
1 1 185 1 0
1 1 184 1 0
1 1 183 1 0
1 1 182 1 0
1 1 181 1 0
1 1 180 1 0
1 1 179 1 0
1 1 178 1 0
1 1 177 1 0
1 1 176 1 0
1 1 175 1 0
1 1 174 1 0
1 1 173 1 0
1 1 172 1 0
1 1 171 1 0
1 1 170 1 0
1 1 169 1 0
1 1 168 1 0
1 1 167 1 0
1 1 166 1 0
1 1 165 1 0
1 1 164 1 0
1 1 163 1 0
1 1 162 1 0
1 1 161 1 0
1 1 160 1 0
1 1 159 1 0
1 1 158 1 0
1 1 157 1 0
1 1 156 1 0
1 1 155 1 0
1 1 154 1 0
1 1 153 1 0
1 1 152 1 0
1 1 151 1 0
1 1 150 1 0
1 1 149 1 0
1 1 148 1 0
1 1 147 1 0
1 1 146 1 0
1 1 145 1 0
1 1 144 1 0
1 1 143 1 0
1 1 142 1 0
1 1 141 1 0
1 1 140 1 0
1 1 139 1 0
1 1 138 1 0
1 1 137 1 0
1 1 136 1 0
1 1 135 1 0
1 1 134 1 0
1 1 133 1 0
1 1 132 1 0
1 1 131 1 0
1 1 130 1 0
1 1 129 1 0
1 1 128 1 0
1 1 127 1 0
1 1 126 1 0
1 1 125 1 0
1 1 124 1 0
1 1 123 1 0
1 1 122 1 0
1 1 121 1 0
1 1 120 1 0
1 1 119 1 0
1 1 118 1 0
1 1 117 1 0
1 1 116 1 0
1 1 115 1 0
1 1 114 1 0
1 1 113 1 0
1 1 112 1 0
1 1 111 1 0
1 1 110 1 0
1 1 109 1 0
1 1 108 1 0
1 1 107 1 0
1 1 106 1 0
1 1 105 1 0
1 1 104 1 0
1 1 103 1 0
1 1 102 1 0
1 1 101 1 0
1 1 100 1 0
1 1 99 1 0
1 1 98 1 0
1 1 97 1 0
1 1 96 1 0
1 1 95 1 0
1 1 94 1 0
1 1 93 1 0
1 1 92 1 0
1 1 91 1 0
1 1 90 1 0
1 1 89 1 0
1 1 88 1 0
1 1 87 1 0
1 1 86 1 0
1 1 85 1 0
1 1 84 1 0
1 1 83 1 0
1 1 82 1 0
1 1 81 1 0
1 1 80 1 0
1 1 79 1 0
1 1 78 1 0
1 1 77 1 0
1 1 76 1 0
1 1 75 1 0
1 1 74 1 0
1 1 73 1 0
1 1 72 1 0
1 1 71 1 0
1 1 70 1 0
1 1 69 1 0
1 1 68 1 0
1 1 67 1 0
1 1 66 1 0
1 1 65 1 0
1 1 64 1 0
1 1 63 1 0
1 1 62 1 0
1 1 61 1 0
1 1 60 1 0
1 1 59 1 0
1 1 58 1 0
1 1 57 1 0
1 1 56 1 0
1 1 55 1 0
1 1 54 1 0
1 1 53 1 0
1 1 52 1 0
1 1 51 1 0
1 1 50 1 0
1 1 49 1 0
1 1 48 1 0
1 1 47 1 0
1 1 46 1 0
1 1 45 1 0
1 1 44 1 0
1 1 43 1 0
1 1 42 1 0
1 1 41 1 0
1 1 40 1 0
1 1 39 1 0
1 1 38 1 0
1 1 37 1 0
1 1 36 1 0
1 1 35 1 0
1 1 34 1 0
1 1 33 1 0
1 1 32 1 0
1 1 31 1 0
1 1 30 1 0
1 1 29 1 0
1 1 28 1 0
1 1 27 1 0
1 1 26 1 0
1 1 25 1 0
1 1 24 1 0
1 1 23 1 0
1 1 22 1 0
1 1 21 1 0
1 1 20 1 0
1 1 19 1 0
1 1 18 1 0
1 1 17 1 0
1 1 16 1 0
1 1 15 1 0
1 1 14 1 0
1 1 13 1 0
1 1 12 1 0
1 1 11 1 0
1 1 10 1 0
1 1 9 1 0
1 1 8 1 0
1 1 7 1 0
1 1 6 1 0
1 1 5 1 0
1 1 4 1 0
1 1 3 1 0
1 1 2 1 0
1 1 1 1 0
1 2 1 1 24
1 2 1 2 24
1 2 1 3 24
1 2 1 4 24
1 2 1 5 24
1 2 1 6 24
1 2 1 7 24
1 2 1 8 24
1 2 1 9 24
1 2 1 10 24
1 2 1 11 24
1 2 1 12 24
1 2 1 13 24
1 2 1 14 24
1 2 1 15 24
1 2 1 16 24
1 2 1 17 24
1 2 1 18 24
1 2 1 19 24
1 2 1 20 24
1 2 1 21 24
1 2 1 22 24
1 2 1 23 24
1 2 1 24 24
1 2 1 25 24
1 2 1 26 24
1 2 1 27 24
1 2 1 28 24
1 2 1 29 24
1 2 1 30 24
1 2 1 31 24
1 2 1 32 24
1 2 1 33 24
1 2 1 34 24
1 2 1 35 24
1 2 1 36 24
1 2 1 37 24
1 2 1 38 24
1 2 1 39 24
1 2 1 40 24
1 2 1 41 24
1 2 1 42 24
1 2 1 43 24
1 2 1 44 24
1 2 1 45 24
1 2 1 46 24
1 2 1 47 24
1 2 1 48 24
1 2 1 49 24
1 2 1 50 24
1 2 1 51 24
1 2 1 52 24
1 2 1 53 24
1 2 1 54 24
1 2 1 55 24
1 2 1 56 24
1 2 1 57 24
1 2 1 58 24
1 2 1 59 24
1 2 1 60 24
1 2 1 61 24
1 2 1 62 24
1 2 1 63 24
1 2 1 64 24
1 2 1 65 24
1 2 1 66 24
1 2 1 67 24
1 2 1 68 24
1 2 1 69 24
1 2 1 70 24
1 2 1 71 24
1 2 1 72 24
1 2 1 73 24
1 2 1 74 24
1 2 1 75 24
1 2 1 76 24
1 2 1 77 24
1 2 1 78 24
1 2 1 79 24
1 2 1 80 24
1 2 1 81 24
1 2 1 82 24
1 2 1 83 24
1 2 1 84 24
1 2 1 85 24
1 2 1 86 24
1 2 1 87 24
1 2 1 88 24
1 2 1 89 24
1 2 1 90 24
1 2 1 91 24
1 2 1 92 24
1 2 1 93 24
1 2 1 94 24
1 2 1 95 24
1 2 1 96 24
1 2 1 97 24
1 2 1 98 24
1 2 1 99 24
1 2 1 100 24
1 2 1 101 24
1 2 1 102 24
1 2 1 103 24
1 2 1 104 24
1 2 1 105 24
1 2 1 106 24
1 2 1 107 24
1 2 1 108 24
1 2 1 109 24
1 2 1 110 24
1 2 1 111 24
1 2 1 112 24
1 2 1 113 24
1 2 1 114 24
1 2 1 115 24
1 2 1 116 24
1 2 1 117 24
1 2 1 118 24
1 2 1 119 24
1 2 1 120 24
1 2 1 121 24
1 2 1 122 24
1 2 1 123 24
1 2 1 124 24
1 2 1 125 24
1 2 1 126 24
1 2 1 127 24
1 2 1 128 24
1 2 1 129 24
1 2 1 130 24
1 2 1 131 24
1 2 1 132 24
1 2 1 133 24
1 2 1 134 24
1 2 1 135 24
1 2 1 136 24
1 2 1 137 24
1 2 1 138 24
1 2 1 139 24
1 2 1 140 24
1 2 1 141 24
1 2 1 142 24
1 2 1 143 24
1 2 1 144 24
1 2 1 145 24
1 2 1 146 24
1 2 1 147 24
1 2 1 148 24
1 2 1 149 24
1 2 1 150 24
1 2 1 151 24
1 2 1 152 24
1 2 1 153 24
1 2 1 154 24
1 2 1 155 24
1 2 1 156 24
1 2 1 157 24
1 2 1 158 24
1 2 1 159 24
1 2 1 160 24
1 2 1 161 24
1 2 1 162 24
1 2 1 163 24
1 2 1 164 24
1 2 1 165 24
1 2 1 166 24
1 2 1 167 24
1 2 1 168 24
1 2 1 169 24
1 2 1 170 24
1 2 1 171 24
1 2 1 172 24
1 2 1 173 24
1 2 1 174 24
1 2 1 175 24
1 2 1 176 24
1 2 1 177 24
1 2 1 178 24
1 2 1 179 24
1 2 1 180 24
1 2 1 181 24
1 2 1 182 24
1 2 1 183 24
1 2 1 184 24
1 2 1 185 24
1 2 1 186 24
1 2 1 187 24
1 2 1 188 24
1 2 1 189 24
1 2 1 190 24
1 2 1 191 24
1 2 1 192 24
1 2 1 193 24
1 2 1 194 24
1 2 1 195 24
1 2 1 196 24
1 2 1 197 24
1 2 1 198 24
1 2 1 199 24
1 2 1 200 24
1 2 1 201 24
1 2 1 202 24
1 2 1 203 24
1 2 1 204 24
1 2 1 205 24
1 2 1 206 24
1 2 1 207 24
1 2 1 208 24
1 2 1 209 24
1 2 1 210 24
1 2 1 211 24
1 2 2 211 24
1 2 3 211 24
1 2 4 211 24
1 2 5 211 24
1 2 6 211 24
1 2 7 211 24
1 2 8 211 24
1 2 9 211 24
1 2 10 211 24
1 2 11 211 24
1 2 12 211 24
1 2 13 211 24
1 2 14 211 24
1 2 15 211 24
1 2 16 211 24
1 2 17 211 24
1 2 18 211 24
1 2 19 211 24
1 2 20 211 24
1 2 21 211 24
1 2 22 211 24
1 2 23 211 24
1 2 24 211 24
1 2 25 211 24
1 2 26 211 24
1 2 27 211 24
1 2 28 211 24
1 2 29 211 24
1 2 30 211 24
1 2 31 211 24
1 2 32 211 24
1 2 33 211 24
1 2 34 211 24
1 2 35 211 24
1 2 36 211 24
1 2 37 211 24
1 2 38 211 24
1 2 39 211 24
1 2 40 211 24
1 2 41 211 24
1 2 42 211 24
1 2 43 211 24
1 2 44 211 24
1 2 45 211 24
1 2 46 211 24
1 2 47 211 24
1 2 48 211 24
1 2 49 211 24
1 2 50 211 24
1 2 51 211 24
1 2 52 211 24
1 2 53 211 24
1 2 54 211 24
1 2 55 211 24
1 2 56 211 24
1 2 57 211 24
1 2 58 211 24
1 2 59 211 24
1 2 60 211 24
1 2 61 211 24
1 2 62 211 24
1 2 63 211 24
1 2 64 211 24
1 2 65 210 24
1 2 66 211 24
1 2 67 211 24
1 2 68 211 24
1 2 69 211 24
1 2 70 211 24
1 2 71 211 24
1 2 72 211 24
1 2 73 211 24
1 2 74 211 24
1 2 75 211 24
1 2 76 211 24
1 2 77 211 24
1 2 78 211 24
1 2 79 211 24
1 2 80 211 24
1 2 81 211 24
1 2 82 211 24
1 2 83 211 24
1 2 84 211 24
1 2 85 211 24
1 2 86 211 24
1 2 87 211 24
1 2 88 211 24
1 2 89 211 24
1 2 90 211 24
1 2 91 211 24
1 2 92 211 24
1 2 93 211 24
1 2 94 211 24
1 2 95 211 24
1 2 96 211 24
1 2 97 211 24
1 2 98 211 24
1 2 99 211 24
1 2 100 211 24
1 2 101 211 24
1 2 102 211 24
1 2 103 211 24
1 2 104 211 24
1 2 105 211 24
1 2 106 211 24
1 2 107 211 24
1 2 108 211 24
1 2 109 211 24
1 2 110 211 24
1 2 111 211 24
1 2 112 211 24
1 2 113 211 24
1 2 114 211 24
1 2 115 211 24
1 2 116 211 24
1 2 117 211 24
1 2 118 211 24
1 2 119 211 24
1 2 120 211 24
1 2 121 211 24
1 2 122 211 24
1 2 123 211 24
1 2 124 211 24
1 2 125 211 24
1 2 126 211 24
1 2 127 211 24
1 2 128 211 24
1 2 129 211 24
1 2 130 211 24
1 2 131 211 24
1 2 132 211 24
1 2 133 211 24
1 2 134 211 24
1 2 135 211 24
1 2 136 211 24
1 2 137 211 24
1 2 138 211 24
1 2 139 211 24
1 2 140 211 24
1 2 141 211 24
1 2 142 211 24
1 2 143 211 24
1 2 144 211 24
1 2 145 211 24
1 2 146 211 24
1 2 147 211 24
1 2 148 211 24
1 2 149 211 24
1 2 150 211 24
1 2 151 211 24
1 2 152 211 24
1 2 153 211 24
1 2 154 211 24
1 2 155 211 24
1 2 156 211 24
1 2 157 211 24
1 2 158 211 24
1 2 159 211 24
1 2 160 211 24
1 2 161 211 24
1 2 162 211 24
1 2 163 211 24
1 2 164 211 24
1 2 165 211 24
1 2 166 211 24
1 2 167 211 24
1 2 168 211 24
1 2 169 211 24
1 2 170 211 24
1 2 171 211 24
1 2 172 211 24
1 2 173 211 24
1 2 174 211 24
1 2 175 211 24
1 2 176 211 24
1 2 177 211 24
1 2 178 211 24
1 2 179 211 24
1 2 180 211 24
1 2 181 211 24
1 2 182 211 24
1 2 183 211 24
1 2 184 211 24
1 2 185 211 24
1 2 186 211 24
1 2 187 211 24
1 2 188 211 24
1 2 189 211 24
1 2 190 211 24
1 2 191 211 24
1 2 192 211 24
1 2 193 211 24
1 2 194 211 24
1 2 195 211 24
1 2 196 211 24
1 2 197 211 24
1 2 198 211 24
1 2 199 211 24
1 2 200 211 24
1 2 201 211 24
1 2 202 211 24
1 2 202 210 24
1 2 202 209 24
1 2 202 208 24
1 2 202 207 24
1 2 202 206 24
1 2 202 205 24
1 2 202 204 24
1 2 202 203 24
1 2 202 202 24
1 2 202 201 24
1 2 202 200 24
1 2 202 199 24
1 2 202 198 24
1 2 202 197 24
1 2 202 196 24
1 2 202 195 24
1 2 202 194 24
1 2 202 193 24
1 2 202 192 24
1 2 202 191 24
1 2 202 190 24
1 2 202 189 24
1 2 202 188 24
1 2 202 187 24
1 2 202 186 24
1 2 202 185 24
1 2 202 184 24
1 2 202 183 24
1 2 202 182 24
1 2 202 181 24
1 2 202 180 24
1 2 202 179 24
1 2 202 178 24
1 2 202 177 24
1 2 202 176 24
1 2 202 175 24
1 2 202 174 24
1 2 202 173 24
1 2 202 172 24
1 2 202 171 24
1 2 202 170 24
1 2 202 169 24
1 2 202 168 24
1 2 202 167 24
1 2 202 166 24
1 2 202 165 24
1 2 202 164 24
1 2 202 163 24
1 2 202 162 24
1 2 202 161 24
1 2 202 160 24
1 2 202 159 24
1 2 202 158 24
1 2 202 157 24
1 2 202 156 24
1 2 202 155 24
1 2 202 154 24
1 2 202 153 24
1 2 202 152 24
1 2 202 151 24
1 2 202 150 24
1 2 202 149 24
1 2 202 148 24
1 2 202 147 24
1 2 202 146 24
1 2 202 145 24
1 2 202 144 24
1 2 202 143 24
1 2 202 142 24
1 2 202 141 24
1 2 202 140 24
1 2 202 139 24
1 2 202 138 24
1 2 202 137 24
1 2 202 136 24
1 2 202 135 24
1 2 202 134 24
1 2 202 133 24
1 2 202 132 24
1 2 202 131 24
1 2 202 130 24
1 2 202 129 24
1 2 202 128 24
1 2 202 127 24
1 2 202 126 24
1 2 202 125 24
1 2 202 124 24
1 2 202 123 24
1 2 202 122 24
1 2 202 121 24
1 2 202 120 24
1 2 202 119 24
1 2 202 118 24
1 2 202 117 24
1 2 202 116 24
1 2 202 115 24
1 2 202 114 24
1 2 202 113 24
1 2 202 112 24
1 2 202 111 24
1 2 202 110 24
1 2 202 109 24
1 2 202 108 24
1 2 202 107 24
1 2 202 106 24
1 2 202 105 24
1 2 202 104 24
1 2 202 103 24
1 2 202 102 24
1 2 202 101 24
1 2 202 100 24
1 2 202 99 24
1 2 202 98 24
1 2 202 97 24
1 2 202 96 24
1 2 202 95 24
1 2 202 94 24
1 2 202 93 24
1 2 202 92 24
1 2 202 91 24
1 2 202 90 24
1 2 202 89 24
1 2 202 88 24
1 2 202 87 24
1 2 202 86 24
1 2 202 85 24
1 2 202 84 24
1 2 202 83 24
1 2 202 82 24
1 2 202 81 24
1 2 202 80 24
1 2 202 79 24
1 2 202 78 24
1 2 202 77 24
1 2 202 76 24
1 2 202 75 24
1 2 202 74 24
1 2 202 73 24
1 2 202 72 24
1 2 202 71 24
1 2 202 70 24
1 2 202 69 24
1 2 202 68 24
1 2 202 67 24
1 2 202 66 24
1 2 202 65 24
1 2 202 64 24
1 2 202 63 24
1 2 202 62 24
1 2 202 61 24
1 2 202 60 24
1 2 202 59 24
1 2 202 58 24
1 2 202 57 24
1 2 202 56 24
1 2 202 55 24
1 2 202 54 24
1 2 202 53 24
1 2 202 52 24
1 2 202 51 24
1 2 202 50 24
1 2 202 49 24
1 2 202 48 24
1 2 202 47 24
1 2 202 46 24
1 2 202 45 24
1 2 202 44 24
1 2 202 43 24
1 2 202 42 24
1 2 202 41 24
1 2 202 40 24
1 2 202 39 24
1 2 202 38 24
1 2 202 37 24
1 2 202 36 24
1 2 202 35 24
1 2 202 34 24
1 2 202 33 24
1 2 202 32 24
1 2 202 31 24
1 2 202 30 24
1 2 202 29 24
1 2 202 28 24
1 2 202 27 24
1 2 202 26 24
1 2 202 25 24
1 2 202 24 24
1 2 202 23 24
1 2 202 22 24
1 2 202 21 24
1 2 202 20 24
1 2 202 19 24
1 2 202 18 24
1 2 202 17 24
1 2 202 16 24
1 2 202 15 24
1 2 201 15 24
1 2 200 15 24
1 2 201 16 24
1 2 201 17 24
1 2 200 18 24
1 2 200 19 24
1 2 201 20 24
1 2 200 21 24
1 2 200 22 24
1 2 200 23 24
1 2 200 24 24
1 2 200 25 24
1 2 200 26 24
1 2 200 27 24
1 2 200 28 24
1 2 200 29 24
1 2 200 30 24
1 2 200 31 24
1 2 201 32 24
1 2 200 33 24
1 2 200 34 24
1 2 199 35 24
1 2 200 36 24
1 2 200 37 24
1 2 199 38 24
1 2 200 39 24
1 2 200 40 24
1 2 199 41 24
1 2 200 42 24
1 2 200 43 24
1 2 200 44 24
1 2 199 45 24
1 2 200 46 24
1 2 199 47 24
1 2 200 48 24
1 2 200 49 24
1 2 200 50 24
1 2 200 51 24
1 2 200 52 24
1 2 200 53 24
1 2 200 54 24
1 2 200 55 24
1 2 201 56 24
1 2 200 57 24
1 2 200 58 24
1 2 200 59 24
1 2 200 60 24
1 2 200 61 24
1 2 200 62 24
1 2 201 63 24
1 2 200 64 24
1 2 200 65 24
1 2 201 66 24
1 2 200 67 24
1 2 201 68 24
1 2 201 69 24
1 2 200 70 24
1 2 201 71 24
1 2 201 72 24
1 2 201 73 24
1 2 201 74 24
1 2 200 75 24
1 2 201 76 24
1 2 200 77 24
1 2 201 78 24
1 2 200 79 24
1 2 201 80 24
1 2 201 81 24
1 2 201 82 24
1 2 200 83 24
1 2 199 83 24
1 2 200 84 24
1 2 200 85 24
1 2 200 86 24
1 2 199 87 24
1 2 200 88 24
1 2 199 89 24
1 2 200 90 24
1 2 200 91 24
1 2 200 92 24
1 2 200 93 24
1 2 200 94 24
1 2 201 95 24
1 2 200 96 24
1 2 199 97 24
1 2 198 97 24
1 2 199 97 24
1 2 200 98 24
1 2 200 99 24
1 2 199 100 24
1 2 200 101 24
1 2 200 102 24
1 2 199 103 24
1 2 200 103 24
1 2 201 104 24
1 2 200 105 24
1 2 199 106 24
1 2 200 107 24
1 2 199 108 24
1 2 200 109 24
1 2 200 110 24
1 2 199 111 24
1 2 200 112 24
1 2 200 113 24
1 2 200 114 24
1 2 200 115 24
1 2 200 116 24
1 2 200 117 24
1 2 200 118 24
1 2 200 119 24
1 2 200 120 24
1 2 199 121 24
1 2 200 122 24
1 2 200 123 24
1 2 200 124 24
1 2 200 125 24
1 2 200 126 24
1 2 200 127 24
1 2 200 128 24
1 2 200 129 24
1 2 199 130 24
1 2 200 131 24
1 2 200 132 24
1 2 201 133 24
1 2 200 134 24
1 2 200 135 24
1 2 200 136 24
1 2 200 137 24
1 2 200 138 24
1 2 200 139 24
1 2 200 140 24
1 2 200 141 24
1 2 201 142 24
1 2 201 143 24
1 2 200 144 24
1 2 200 145 24
1 2 200 146 24
1 2 200 147 24
1 2 200 148 24
1 2 200 149 24
1 2 200 150 24
1 2 200 151 24
1 2 201 152 24
1 2 200 153 24
1 2 200 154 24
1 2 200 155 24
1 2 200 156 24
1 2 200 157 24
1 2 201 158 24
1 2 200 159 24
1 2 200 160 24
1 2 200 161 24
1 2 201 162 24
1 2 201 163 24
1 2 201 164 24
1 2 200 165 24
1 2 200 166 24
1 2 201 167 24
1 2 200 168 24
1 2 200 169 24
1 2 200 170 24
1 2 200 171 24
1 2 200 172 24
1 2 200 173 24
1 2 200 174 24
1 2 200 175 24
1 2 201 176 24
1 2 200 177 24
1 2 200 178 24
1 2 201 179 24
1 2 200 180 24
1 2 200 181 24
1 2 201 182 24
1 2 200 183 24
1 2 200 184 24
1 2 199 185 24
1 2 200 186 24
1 2 200 187 24
1 2 200 188 24
1 2 200 189 24
1 2 199 190 24
1 2 200 191 24
1 2 200 192 24
1 2 200 193 24
1 2 200 194 24
1 2 199 195 24
1 2 199 196 24
1 2 199 197 24
1 2 198 198 24
1 2 197 198 24
1 2 196 199 24
1 2 195 199 24
1 2 194 199 24
1 2 193 199 24
1 2 192 200 24
1 2 191 200 24
1 2 190 200 24
1 2 189 200 24
1 2 188 200 24
1 2 187 200 24
1 2 186 200 24
1 2 185 200 24
1 2 184 200 24
1 2 183 200 24
1 2 182 200 24
1 2 181 201 24
1 2 180 200 24
1 2 179 201 24
1 2 178 201 24
1 2 177 201 24
1 2 176 201 24
1 2 175 201 24
1 2 174 201 24
1 2 173 201 24
1 2 172 201 24
1 2 171 201 24
1 2 170 201 24
1 2 169 201 24
1 2 168 201 24
1 2 167 201 24
1 2 166 201 24
1 2 165 201 24
1 2 164 201 24
1 2 163 201 24
1 2 162 201 24
1 2 161 202 24
1 2 160 202 24
1 2 159 202 24
1 2 158 202 24
1 2 157 201 24
1 2 156 202 24
1 2 155 202 24
1 2 154 202 24
1 2 153 202 24
1 2 152 202 24
1 2 151 202 24
1 2 150 202 24
1 2 149 201 24
1 2 148 202 24
1 2 147 202 24
1 2 146 202 24
1 2 145 202 24
1 2 144 202 24
1 2 143 202 24
1 2 142 202 24
1 2 141 202 24
1 2 140 202 24
1 2 139 203 24
1 2 138 202 24
1 2 137 202 24
1 2 136 202 24
1 2 135 203 24
1 2 134 203 24
1 2 133 203 24
1 2 132 203 24
1 2 131 203 24
1 2 130 203 24
1 2 129 202 24
1 2 128 203 24
1 2 127 203 24
1 2 126 203 24
1 2 125 203 24
1 2 124 203 24
1 2 123 203 24
1 2 122 203 24
1 2 121 203 24
1 2 120 203 24
1 2 119 203 24
1 2 118 203 24
1 2 117 203 24
1 2 116 203 24
1 2 115 203 24
1 2 114 203 24
1 2 113 204 24
1 2 112 203 24
1 2 111 203 24
1 2 110 203 24
1 2 109 204 24
1 2 108 203 24
1 2 107 204 24
1 2 106 203 24
1 2 105 204 24
1 2 104 204 24
1 2 103 204 24
1 2 102 204 24
1 2 101 204 24
1 2 100 204 24
1 2 99 204 24
1 2 98 204 24
1 2 97 203 24
1 2 96 204 24
1 2 95 204 24
1 2 94 204 24
1 2 93 204 24
1 2 92 204 24
1 2 91 203 24
1 2 90 204 24
1 2 89 204 24
1 2 88 204 24
1 2 87 204 24
1 2 86 204 24
1 2 85 204 24
1 2 84 204 24
1 2 83 204 24
1 2 82 204 24
1 2 81 205 24
1 2 80 204 24
1 2 79 204 24
1 2 78 204 24
1 2 77 204 24
1 2 76 204 24
1 2 75 204 24
1 2 74 205 24
1 2 73 205 24
1 2 72 205 24
1 2 71 205 24
1 2 70 205 24
1 2 69 205 24
1 2 68 205 24
1 2 67 205 24
1 2 66 205 24
1 2 65 205 24
1 2 64 205 24
1 2 63 205 24
1 2 62 205 24
1 2 61 205 24
1 2 60 205 24
1 2 59 205 24
1 2 58 205 24
1 2 57 205 24
1 2 56 205 24
1 2 55 205 24
1 2 54 205 24
1 2 53 205 24
1 2 52 205 24
1 2 51 205 24
1 2 50 205 24
1 2 49 205 24
1 2 48 205 24
1 2 47 205 24
1 2 46 205 24
1 2 45 204 24
1 2 44 205 24
1 2 43 205 24
1 2 42 204 24
1 2 41 203 24
1 2 40 203 24
1 2 39 203 24
1 2 38 202 24
1 2 39 201 24
1 2 39 200 24
1 2 38 199 24
1 2 38 198 24
1 2 38 197 24
1 2 37 196 24
1 2 37 195 24
1 2 36 194 24
1 2 36 193 24
1 2 35 194 24
1 2 34 194 24
1 2 34 195 24
1 2 34 196 24
1 2 34 197 24
1 2 33 198 24
1 2 33 199 24
1 2 33 200 24
1 2 33 201 24
1 2 33 202 24
1 2 32 203 24
1 2 33 204 24
1 2 32 205 24
1 2 31 205 24
1 2 30 206 24
1 2 29 206 24
1 2 28 206 24
1 2 27 206 24
1 2 26 206 24
1 2 25 206 24
1 2 24 206 24
1 2 23 206 24
1 2 22 206 24
1 2 21 206 24
1 2 20 206 24
1 2 19 206 24
1 2 18 206 24
1 2 17 206 24
1 2 16 206 24
1 2 15 206 24
1 2 14 206 24
1 2 13 207 24
1 2 12 206 24
1 2 11 206 24
1 2 10 206 24
1 2 9 206 24
1 2 8 205 24
1 2 7 204 24
1 2 7 203 24
1 2 6 202 24
1 2 6 201 24
1 2 6 200 24
1 2 6 199 24
1 2 6 198 24
1 2 6 197 24
1 2 7 196 24
1 2 8 196 24
1 2 7 195 24
1 2 6 194 24
1 2 6 193 24
1 2 6 192 24
1 2 6 191 24
1 2 6 190 24
1 2 6 189 24
1 2 6 188 24
1 2 5 187 24
1 2 6 186 24
1 2 6 185 24
1 2 6 184 24
1 2 6 183 24
1 2 5 182 24
1 2 5 181 24
1 2 5 180 24
1 2 6 179 24
1 2 5 178 24
1 2 6 177 24
1 2 5 176 24
1 2 6 175 24
1 2 5 174 24
1 2 5 173 24
1 2 5 172 24
1 2 5 171 24
1 2 5 170 24
1 2 5 169 24
1 2 5 168 24
1 2 4 167 24
1 2 5 166 24
1 2 5 165 24
1 2 5 164 24
1 2 5 163 24
1 2 5 162 24
1 2 6 161 24
1 2 5 160 24
1 2 5 159 24
1 2 5 158 24
1 2 5 157 24
1 2 6 156 24
1 2 5 155 24
1 2 6 154 24
1 2 5 153 24
1 2 5 152 24
1 2 5 151 24
1 2 5 150 24
1 2 5 149 24
1 2 4 148 24
1 2 5 147 24
1 2 5 146 24
1 2 5 145 24
1 2 4 144 24
1 2 5 143 24
1 2 4 142 24
1 2 5 141 24
1 2 5 140 24
1 2 5 139 24
1 2 5 138 24
1 2 5 137 24
1 2 4 136 24
1 2 5 135 24
1 2 4 134 24
1 2 5 133 24
1 2 4 132 24
1 2 5 131 24
1 2 5 130 24
1 2 5 129 24
1 2 5 128 24
1 2 6 127 24
1 2 5 126 24
1 2 5 125 24
1 2 5 124 24
1 2 5 123 24
1 2 6 122 24
1 2 6 121 24
1 2 6 120 24
1 2 5 119 24
1 2 5 118 24
1 2 5 117 24
1 2 5 116 24
1 2 6 115 24
1 2 6 114 24
1 2 6 113 24
1 2 5 112 24
1 2 5 111 24
1 2 5 110 24
1 2 6 109 24
1 2 5 108 24
1 2 5 107 24
1 2 5 106 24
1 2 6 105 24
1 2 6 104 24
1 2 6 103 24
1 2 5 102 24
1 2 5 101 24
1 2 5 100 24
1 2 4 99 24
1 2 4 98 24
1 2 4 97 24
1 2 4 96 24
1 2 4 95 24
1 2 5 94 24
1 2 4 93 24
1 2 5 92 24
1 2 6 91 24
1 2 5 90 24
1 2 4 89 24
1 2 5 88 24
1 2 6 87 24
1 2 5 86 24
1 2 5 85 24
1 2 4 84 24
1 2 5 83 24
1 2 5 82 24
1 2 5 81 24
1 2 6 80 24
1 2 5 79 24
1 2 5 78 24
1 2 6 77 24
1 2 5 76 24
1 2 5 75 24
1 2 6 74 24
1 2 5 73 24
1 2 6 72 24
1 2 5 71 24
1 2 5 70 24
1 2 5 69 24
1 2 5 68 24
1 2 6 67 24
1 2 5 66 24
1 2 5 65 24
1 2 5 64 24
1 2 5 63 24
1 2 5 62 24
1 2 5 61 24
1 2 6 60 24
1 2 5 60 24
1 2 4 59 24
1 2 5 58 24
1 2 5 57 24
1 2 6 56 24
1 2 5 55 24
1 2 6 54 24
1 2 7 53 24
1 2 8 53 24
1 2 9 52 24
1 2 10 52 24
1 2 11 51 24
1 2 12 52 24
1 2 13 51 24
1 2 14 52 24
1 2 15 52 24
1 2 16 52 24
1 2 17 51 24
1 2 18 51 24
1 2 19 51 24
1 2 20 50 24
1 2 21 49 24
1 2 20 48 24
1 2 19 47 24
1 2 18 46 24
1 2 17 46 24
1 2 16 46 24
1 2 15 46 24
1 2 14 45 24
1 2 13 45 24
1 2 12 46 24
1 2 11 45 24
1 2 10 45 24
1 2 9 45 24
1 2 8 45 24
1 2 7 45 24
1 2 6 44 24
1 2 6 43 24
1 2 5 42 24
1 2 5 41 24
1 2 5 40 24
1 2 6 39 24
1 2 6 38 24
1 2 6 37 24
1 2 6 36 24
1 2 6 35 24
1 2 7 34 24
1 2 8 35 24
1 2 9 35 24
1 2 10 34 24
1 2 11 34 24
1 2 12 33 24
1 2 13 34 24
1 2 14 34 24
1 2 15 34 24
1 2 16 33 24
1 2 17 33 24
1 2 18 33 24
1 2 19 33 24
1 2 20 33 24
1 2 21 32 24
1 2 21 31 24
1 2 21 30 24
1 2 20 30 24
1 2 19 30 24
1 2 18 29 24
1 2 18 28 24
1 2 17 28 24
1 2 16 28 24
1 2 15 27 24
1 2 14 27 24
1 2 13 27 24
1 2 12 27 24
1 2 11 27 24
1 2 10 27 24
1 2 9 26 24
1 2 8 27 24
1 2 7 26 24
1 2 6 25 24
1 2 6 24 24
1 2 6 23 24
1 2 6 22 24
1 2 6 21 24
1 2 7 20 24
1 2 6 20 24
1 2 5 19 24
1 2 6 18 24
1 2 5 17 24
1 2 6 16 24
1 2 7 15 24
1 2 8 14 24
1 2 9 13 24
1 2 10 12 24
1 2 11 11 24
1 2 12 12 24
1 2 13 11 24
1 2 14 11 24
1 2 15 11 24
1 2 16 11 24
1 2 17 11 24
1 2 18 11 24
1 2 19 11 24
1 2 20 11 24
1 2 21 11 24
1 2 22 11 24
1 2 23 12 24
1 2 24 11 24
1 2 25 11 24
1 2 26 12 24
1 2 27 11 24
1 2 28 11 24
1 2 29 11 24
1 2 30 11 24
1 2 31 12 24
1 2 32 12 24
1 2 33 11 24
1 2 34 11 24
1 2 35 11 24
1 2 36 11 24
1 2 37 11 24
1 2 38 11 24
1 2 39 11 24
1 2 40 11 24
1 2 41 11 24
1 2 42 11 24
1 2 43 11 24
1 2 44 11 24
1 2 45 11 24
1 2 46 11 24
1 2 47 12 24
1 2 48 11 24
1 2 49 11 24
1 2 50 11 24
1 2 51 10 24
1 2 52 11 24
1 2 53 11 24
1 2 54 11 24
1 2 55 11 24
1 2 56 11 24
1 2 57 11 24
1 2 58 12 24
1 2 59 11 24
1 2 60 11 24
1 2 61 12 24
1 2 62 11 24
1 2 63 11 24
1 2 64 11 24
1 2 65 11 24
1 2 66 11 24
1 2 67 10 24
1 2 68 11 24
1 2 69 11 24
1 2 70 12 24
1 2 71 11 24
1 2 72 10 24
1 2 73 11 24
1 2 74 11 24
1 2 75 11 24
1 2 76 11 24
1 2 77 11 24
1 2 78 11 24
1 2 79 11 24
1 2 80 10 24
1 2 81 10 24
1 2 82 11 24
1 2 83 11 24
1 2 84 11 24
1 2 85 10 24
1 2 86 11 24
1 2 87 11 24
1 2 88 10 24
1 2 89 10 24
1 2 90 11 24
1 2 91 10 24
1 2 92 11 24
1 2 93 11 24
1 2 94 11 24
1 2 95 11 24
1 2 96 10 24
1 2 97 11 24
1 2 98 11 24
1 2 99 11 24
1 2 100 10 24
1 2 101 10 24
1 2 102 11 24
1 2 103 11 24
1 2 104 11 24
1 2 105 11 24
1 2 106 10 24
1 2 107 10 24
1 2 108 11 24
1 2 109 11 24
1 2 110 11 24
1 2 111 10 24
1 2 112 11 24
1 2 113 11 24
1 2 114 10 24
1 2 115 11 24
1 2 116 10 24
1 2 117 11 24
1 2 118 11 24
1 2 119 11 24
1 2 120 11 24
1 2 121 11 24
1 2 122 11 24
1 2 123 10 24
1 2 124 11 24
1 2 125 11 24
1 2 126 11 24
1 2 127 11 24
1 2 128 11 24
1 2 129 11 24
1 2 130 10 24
1 2 131 11 24
1 2 132 11 24
1 2 133 11 24
1 2 134 11 24
1 2 135 11 24
1 2 136 11 24
1 2 137 11 24
1 2 138 11 24
1 2 139 10 24
1 2 140 11 24
1 2 141 11 24
1 2 142 10 24
1 2 143 11 24
1 2 144 11 24
1 2 145 11 24
1 2 146 11 24
1 2 147 11 24
1 2 148 11 24
1 2 149 12 24
1 2 150 12 24
1 2 151 13 24
1 2 151 14 24
1 2 150 15 24
1 2 150 16 24
1 2 149 17 24
1 2 150 18 24
1 2 150 19 24
1 2 151 20 24
1 2 150 21 24
1 2 151 22 24
1 2 152 22 24
1 2 153 23 24
1 2 154 22 24
1 2 155 23 24
1 2 156 23 24
1 2 157 23 24
1 2 156 23 24
1 2 155 22 24
1 2 156 21 24
1 2 155 20 24
1 2 155 19 24
1 2 155 18 24
1 2 156 17 24
1 2 156 16 24
1 2 155 15 24
1 2 155 14 24
1 2 156 13 24
1 2 157 12 24
1 2 158 12 24
1 2 159 11 24
1 2 160 12 24
1 2 161 11 24
1 2 162 11 24
1 2 163 11 24
1 2 164 12 24
1 2 165 11 24
1 2 166 12 24
1 2 167 13 24
1 2 168 14 24
1 2 167 15 24
1 2 167 16 24
1 2 168 17 24
1 2 168 18 24
1 2 167 19 24
1 2 168 20 24
1 2 168 21 24
1 2 169 22 24
1 2 170 21 24
1 2 171 21 24
1 2 172 22 24
1 2 173 21 24
1 2 174 20 24
1 2 174 19 24
1 2 173 19 24
1 2 172 18 24
1 2 173 17 24
1 2 174 16 24
1 2 173 15 24
1 2 173 14 24
1 2 174 13 24
1 2 175 12 24
1 2 176 12 24
1 2 177 12 24
1 2 178 11 24
1 2 179 12 24
1 2 180 12 24
1 2 181 12 24
1 2 182 12 24
1 2 183 11 24
1 2 184 12 24
1 2 185 12 24
1 2 186 12 24
1 2 187 11 24
1 2 188 12 24
1 2 189 11 24
1 2 190 12 24
1 2 191 12 24
1 2 192 12 24
1 2 193 13 24
1 2 194 12 24
1 2 195 12 24
1 2 196 12 24
1 2 197 12 24
1 2 198 12 24
1 2 199 13 24
1 2 200 12 24
1 2 201 13 24
1 2 202 13 24
1 2 202 12 24
1 2 202 11 24
1 2 202 10 24
1 2 202 9 24
1 2 202 8 24
1 2 202 7 24
1 2 202 6 24
1 2 202 5 24
1 2 202 4 24
1 2 202 3 24
1 2 202 2 24
1 2 202 1 24
1 2 201 1 24
1 2 200 1 24
1 2 199 1 24
1 2 198 1 24
1 2 197 1 24
1 2 196 1 24
1 2 195 1 24
1 2 194 1 24
1 2 193 1 24
1 2 192 1 24
1 2 191 1 24
1 2 190 1 24
1 2 189 1 24
1 2 188 1 24
1 2 187 1 24
1 2 186 1 24
1 2 185 1 24
1 2 184 1 24
1 2 183 1 24
1 2 182 1 24
1 2 181 1 24
1 2 180 1 24
1 2 179 1 24
1 2 178 1 24
1 2 177 1 24
1 2 176 1 24
1 2 175 1 24
1 2 174 1 24
1 2 173 1 24
1 2 172 1 24
1 2 171 1 24
1 2 170 1 24
1 2 169 1 24
1 2 168 1 24
1 2 167 1 24
1 2 166 1 24
1 2 165 1 24
1 2 164 1 24
1 2 163 1 24
1 2 162 1 24
1 2 161 1 24
1 2 160 1 24
1 2 159 1 24
1 2 158 1 24
1 2 157 1 24
1 2 156 1 24
1 2 155 1 24
1 2 154 1 24
1 2 153 1 24
1 2 152 1 24
1 2 151 1 24
1 2 150 1 24
1 2 149 1 24
1 2 148 1 24
1 2 147 1 24
1 2 146 1 24
1 2 145 1 24
1 2 144 1 24
1 2 143 1 24
1 2 142 1 24
1 2 141 1 24
1 2 140 1 24
1 2 139 1 24
1 2 138 1 24
1 2 137 1 24
1 2 136 1 24
1 2 135 1 24
1 2 134 1 24
1 2 133 1 24
1 2 132 1 24
1 2 131 1 24
1 2 130 1 24
1 2 129 1 24
1 2 128 1 24
1 2 127 1 24
1 2 126 1 24
1 2 125 1 24
1 2 124 1 24
1 2 123 1 24
1 2 122 1 24
1 2 121 1 24
1 2 120 1 24
1 2 119 1 24
1 2 118 1 24
1 2 117 1 24
1 2 116 1 24
1 2 115 1 24
1 2 114 1 24
1 2 113 1 24
1 2 112 1 24
1 2 111 1 24
1 2 110 1 24
1 2 109 1 24
1 2 108 1 24
1 2 107 1 24
1 2 106 1 24
1 2 105 1 24
1 2 104 1 24
1 2 103 1 24
1 2 102 1 24
1 2 101 1 24
1 2 100 1 24
1 2 99 1 24
1 2 98 1 24
1 2 97 1 24
1 2 96 1 24
1 2 95 1 24
1 2 94 1 24
1 2 93 1 24
1 2 92 1 24
1 2 91 1 24
1 2 90 1 24
1 2 89 1 24
1 2 88 1 24
1 2 87 1 24
1 2 86 1 24
1 2 85 1 24
1 2 84 1 24
1 2 83 1 24
1 2 82 1 24
1 2 81 1 24
1 2 80 1 24
1 2 79 1 24
1 2 78 1 24
1 2 77 1 24
1 2 76 1 24
1 2 75 1 24
1 2 74 1 24
1 2 73 1 24
1 2 72 1 24
1 2 71 1 24
1 2 70 1 24
1 2 69 1 24
1 2 68 1 24
1 2 67 1 24
1 2 66 1 24
1 2 65 1 24
1 2 64 1 24
1 2 63 1 24
1 2 62 1 24
1 2 61 1 24
1 2 60 1 24
1 2 59 1 24
1 2 58 1 24
1 2 57 1 24
1 2 56 1 24
1 2 55 1 24
1 2 54 1 24
1 2 53 1 24
1 2 52 1 24
1 2 51 1 24
1 2 50 1 24
1 2 49 1 24
1 2 48 1 24
1 2 47 1 24
1 2 46 1 24
1 2 45 1 24
1 2 44 1 24
1 2 43 1 24
1 2 42 1 24
1 2 41 1 24
1 2 40 1 24
1 2 39 1 24
1 2 38 1 24
1 2 37 1 24
1 2 36 1 24
1 2 35 1 24
1 2 34 1 24
1 2 33 1 24
1 2 32 1 24
1 2 31 1 24
1 2 30 1 24
1 2 29 1 24
1 2 28 1 24
1 2 27 1 24
1 2 26 1 24
1 2 25 1 24
1 2 24 1 24
1 2 23 1 24
1 2 22 1 24
1 2 21 1 24
1 2 20 1 24
1 2 19 1 24
1 2 18 1 24
1 2 17 1 24
1 2 16 1 24
1 2 15 1 24
1 2 14 1 24
1 2 13 1 24
1 2 12 1 24
1 2 11 1 24
1 2 10 1 24
1 2 9 1 24
1 2 8 1 24
1 2 7 1 24
1 2 6 1 24
1 2 5 1 24
1 2 4 1 24
1 2 3 1 24
1 2 2 1 24
1 2 1 1 24
2 1 64 161 24
2 1 63 162 24
2 1 62 163 24
2 1 61 162 24
2 1 60 163 24
2 1 59 162 24
2 1 58 162 24
2 1 59 163 24
2 1 58 164 24
2 1 58 165 24
2 1 59 166 24
2 1 58 167 24
2 1 57 167 24
2 1 56 166 24
2 1 56 165 24
2 1 55 166 24
2 1 54 165 24
2 1 53 166 24
2 1 52 166 24
2 1 51 167 24
2 1 50 168 24
2 1 49 168 24
2 1 48 168 24
2 1 47 169 24
2 1 46 169 24
2 1 45 170 24
2 1 44 171 24
2 1 43 171 24
2 1 42 172 24
2 1 41 172 24
2 1 40 173 24
2 1 39 173 24
2 1 38 174 24
2 1 37 174 24
2 1 36 174 24
2 1 35 175 24
2 1 34 175 24
2 1 33 175 24
2 1 33 176 24
2 1 32 177 24
2 1 31 177 24
2 1 30 177 24
2 1 29 178 24
2 1 28 177 24
2 1 27 178 24
2 1 26 178 24
2 1 25 179 24
2 1 24 179 24
2 1 23 178 24
2 1 22 179 24
2 1 21 180 24
2 1 20 180 24
2 1 19 179 24
2 1 20 180 24
2 1 19 181 24
2 1 18 181 24
2 1 17 182 24
2 1 16 183 24
2 1 15 182 24
2 1 15 183 24
2 1 14 184 24
2 1 13 184 24
2 1 12 184 24
2 1 11 185 24
2 1 10 185 24
2 1 9 185 24
2 1 10 185 24
2 1 11 185 24
2 1 12 185 24
2 1 13 185 24
2 1 14 185 24
2 1 15 185 24
2 1 16 185 24
2 1 17 185 24
2 1 18 185 24
2 1 19 184 24
2 1 20 185 24
2 1 21 184 24
2 1 22 184 24
2 1 23 185 24
2 1 23 186 24
2 1 24 185 24
2 1 25 185 24
2 1 26 185 24
2 1 27 186 24
2 1 27 185 24
2 1 28 184 24
2 1 29 185 24
2 1 30 185 24
2 1 31 185 24
2 1 32 185 24
2 1 33 185 24
2 1 34 185 24
2 1 35 184 24
2 1 36 184 24
2 1 37 184 24
2 1 38 184 24
2 1 39 183 24
2 1 40 183 24
2 1 41 184 24
2 1 42 183 24
2 1 43 182 24
2 1 44 181 24
2 1 45 181 24
2 1 46 181 24
2 1 47 180 24
2 1 47 179 24
2 1 47 178 24
2 1 48 177 24
2 1 49 177 24
2 1 50 177 24
2 1 51 178 24
2 1 50 179 24
2 1 49 179 24
2 1 50 179 24
2 1 51 179 24
2 1 51 178 24
2 1 50 177 24
2 1 51 176 24
2 1 52 176 24
2 1 53 176 24
2 1 54 175 24
2 1 55 176 24
2 1 56 176 24
2 1 57 176 24
2 1 58 176 24
2 1 59 177 24
2 1 59 178 24
2 1 59 177 24
2 1 60 176 24
2 1 61 176 24
2 1 62 177 24
2 1 62 178 24
2 1 63 179 24
2 1 64 179 24
2 1 65 180 24
2 1 64 181 24
2 1 65 180 24
2 1 66 181 24
2 1 67 181 24
2 1 68 182 24
2 1 68 183 24
2 1 69 182 24
2 1 70 182 24
2 1 71 183 24
2 1 70 184 24
2 1 71 184 24
2 1 72 185 24
2 1 73 186 24
2 1 73 187 24
2 1 72 188 24
2 1 71 187 24
2 1 70 187 24
2 1 69 188 24
2 1 69 189 24
2 1 68 190 24
2 1 67 191 24
2 1 66 191 24
2 1 65 192 24
2 1 64 191 24
2 1 63 191 24
2 1 62 191 24
2 1 61 190 24
2 1 62 189 24
2 1 61 189 24
2 1 60 190 24
2 1 59 190 24
2 1 58 189 24
2 1 57 189 24
2 1 56 189 24
2 1 55 189 24
2 1 54 188 24
2 1 54 189 24
2 1 55 190 24
2 1 55 191 24
2 1 54 192 24
2 1 55 191 24
2 1 56 191 24
2 1 57 192 24
2 1 58 191 24
2 1 59 191 24
2 1 60 192 24
2 1 60 193 24
2 1 60 194 24
2 1 61 193 24
2 1 62 194 24
2 1 62 195 24
2 1 63 194 24
2 1 64 193 24
2 1 65 193 24
2 1 65 192 24
2 1 66 191 24
2 1 67 192 24
2 1 67 193 24
2 1 67 192 24
2 1 67 191 24
2 1 68 190 24
2 1 69 191 24
2 1 68 190 24
2 1 69 189 24
2 1 69 188 24
2 1 70 187 24
2 1 71 188 24
2 1 72 188 24
2 1 73 187 24
2 1 74 188 24
2 1 75 187 24
2 1 75 186 24
2 1 76 185 24
2 1 77 184 24
2 1 78 185 24
2 1 79 186 24
2 1 80 185 24
2 1 81 184 24
2 1 82 183 24
2 1 83 184 24
2 1 83 185 24
2 1 82 186 24
2 1 81 187 24
2 1 82 187 24
2 1 82 186 24
2 1 83 185 24
2 1 84 185 24
2 1 85 185 24
2 1 85 184 24
2 1 84 183 24
2 1 85 182 24
2 1 86 182 24
2 1 87 182 24
2 1 88 182 24
2 1 89 183 24
2 1 88 184 24
2 1 89 185 24
2 1 90 186 24
2 1 89 185 24
2 1 90 184 24
2 1 91 184 24
2 1 92 184 24
2 1 93 184 24
2 1 92 183 24
2 1 93 182 24
2 1 94 182 24
2 1 95 181 24
2 1 96 181 24
2 1 97 182 24
2 1 96 183 24
2 1 95 184 24
2 1 96 183 24
2 1 97 184 24
2 1 97 185 24
2 1 97 186 24
2 1 98 186 24
2 1 99 186 24
2 1 100 187 24
2 1 101 186 24
2 1 102 187 24
2 1 103 188 24
2 1 104 188 24
2 1 103 187 24
2 1 102 186 24
2 1 101 186 24
2 1 100 185 24
2 1 99 185 24
2 1 98 185 24
2 1 97 184 24
2 1 97 183 24
2 1 97 182 24
2 1 96 181 24
2 1 95 180 24
2 1 95 179 24
2 1 95 178 24
2 1 95 177 24
2 1 95 176 24
2 1 94 175 24
2 1 93 175 24
2 1 92 175 24
2 1 91 174 24
2 1 91 173 24
2 1 90 173 24
2 1 89 173 24
2 1 88 174 24
2 1 87 173 24
2 1 86 173 24
2 1 85 172 24
2 1 85 171 24
2 1 84 171 24
2 1 83 172 24
2 1 82 171 24
2 1 81 171 24
2 1 80 171 24
2 1 79 170 24
2 1 78 171 24
2 1 77 170 24
2 1 76 170 24
2 1 75 171 24
2 1 74 171 24
2 1 73 170 24
2 1 74 169 24
2 1 73 170 24
2 1 72 170 24
2 1 71 169 24
2 1 70 168 24
2 1 71 167 24
2 1 70 166 24
2 1 71 165 24
2 1 71 164 24
2 1 72 163 24
2 1 71 163 24
2 1 70 164 24
2 1 71 165 24
2 1 70 166 24
2 1 69 167 24
2 1 68 168 24
2 1 67 167 24
2 1 66 167 24
2 1 65 166 24
2 1 65 165 24
2 1 66 164 24
2 1 67 165 24
2 1 67 164 24
2 1 66 164 24
2 1 65 163 24
2 1 64 164 24
2 1 63 165 24
2 1 62 164 24
2 1 62 163 24
2 1 63 162 24
2 1 64 161 24
2 1 65 161 24
2 1 64 161 24
2 2 64 161 48
2 2 63 162 48
2 2 62 163 48
2 2 61 162 48
2 2 60 163 48
2 2 59 162 48
2 2 58 162 48
2 2 59 163 48
2 2 58 164 48
2 2 58 165 48
2 2 59 166 48
2 2 58 167 48
2 2 57 167 48
2 2 56 166 48
2 2 56 165 48
2 2 55 166 48
2 2 54 165 48
2 2 53 166 48
2 2 52 166 48
2 2 51 167 48
2 2 50 168 48
2 2 49 168 48
2 2 48 168 48
2 2 47 169 48
2 2 46 169 48
2 2 45 170 48
2 2 44 171 48
2 2 43 171 48
2 2 42 172 48
2 2 41 172 48
2 2 40 173 48
2 2 39 173 48
2 2 38 174 48
2 2 37 174 48
2 2 36 174 48
2 2 35 175 48
2 2 34 175 48
2 2 33 175 48
2 2 33 176 48
2 2 32 177 48
2 2 31 177 48
2 2 30 177 48
2 2 29 178 48
2 2 28 177 48
2 2 27 178 48
2 2 26 178 48
2 2 25 179 48
2 2 24 179 48
2 2 23 178 48
2 2 22 179 48
2 2 21 180 48
2 2 20 180 48
2 2 19 179 48
2 2 20 180 48
2 2 19 181 48
2 2 18 181 48
2 2 17 182 48
2 2 16 183 48
2 2 15 182 48
2 2 15 183 48
2 2 14 184 48
2 2 13 184 48
2 2 12 184 48
2 2 11 185 48
2 2 10 185 48
2 2 9 185 48
2 2 10 185 48
2 2 11 185 48
2 2 12 185 48
2 2 13 185 48
2 2 14 185 48
2 2 15 185 48
2 2 16 185 48
2 2 17 185 48
2 2 18 185 48
2 2 19 184 48
2 2 20 185 48
2 2 21 184 48
2 2 22 184 48
2 2 23 185 48
2 2 23 186 48
2 2 24 185 48
2 2 25 185 48
2 2 26 185 48
2 2 27 186 48
2 2 27 185 48
2 2 28 184 48
2 2 29 185 48
2 2 30 185 48
2 2 31 185 48
2 2 32 185 48
2 2 33 185 48
2 2 34 185 48
2 2 35 184 48
2 2 36 184 48
2 2 37 184 48
2 2 38 184 48
2 2 39 183 48
2 2 40 183 48
2 2 41 184 48
2 2 42 183 48
2 2 43 182 48
2 2 44 181 48
2 2 45 181 48
2 2 46 181 48
2 2 47 180 48
2 2 47 179 48
2 2 47 178 48
2 2 48 177 48
2 2 49 177 48
2 2 50 177 48
2 2 51 178 48
2 2 50 179 48
2 2 49 179 48
2 2 50 179 48
2 2 51 179 48
2 2 51 178 48
2 2 50 177 48
2 2 51 176 48
2 2 52 176 48
2 2 53 176 48
2 2 54 175 48
2 2 55 176 48
2 2 56 176 48
2 2 57 176 48
2 2 58 176 48
2 2 59 177 48
2 2 59 178 48
2 2 59 177 48
2 2 60 176 48
2 2 61 176 48
2 2 62 177 48
2 2 62 178 48
2 2 63 179 48
2 2 64 179 48
2 2 65 180 48
2 2 64 181 48
2 2 65 180 48
2 2 66 181 48
2 2 67 181 48
2 2 68 182 48
2 2 68 183 48
2 2 69 182 48
2 2 70 182 48
2 2 71 183 48
2 2 70 184 48
2 2 71 184 48
2 2 72 185 48
2 2 73 186 48
2 2 73 187 48
2 2 72 188 48
2 2 71 187 48
2 2 70 187 48
2 2 69 188 48
2 2 69 189 48
2 2 68 190 48
2 2 67 191 48
2 2 66 191 48
2 2 65 192 48
2 2 64 191 48
2 2 63 191 48
2 2 62 191 48
2 2 61 190 48
2 2 62 189 48
2 2 61 189 48
2 2 60 190 48
2 2 59 190 48
2 2 58 189 48
2 2 57 189 48
2 2 56 189 48
2 2 55 189 48
2 2 54 188 48
2 2 54 189 48
2 2 55 190 48
2 2 55 191 48
2 2 54 192 48
2 2 55 191 48
2 2 56 191 48
2 2 57 192 48
2 2 58 191 48
2 2 59 191 48
2 2 60 192 48
2 2 60 193 48
2 2 60 194 48
2 2 61 193 48
2 2 62 194 48
2 2 62 195 48
2 2 63 194 48
2 2 64 193 48
2 2 65 193 48
2 2 65 192 48
2 2 66 191 48
2 2 67 192 48
2 2 67 193 48
2 2 67 192 48
2 2 67 191 48
2 2 68 190 48
2 2 69 191 48
2 2 68 190 48
2 2 69 189 48
2 2 69 188 48
2 2 70 187 48
2 2 71 188 48
2 2 72 188 48
2 2 73 187 48
2 2 74 188 48
2 2 75 187 48
2 2 75 186 48
2 2 76 185 48
2 2 77 184 48
2 2 78 185 48
2 2 79 186 48
2 2 80 185 48
2 2 81 184 48
2 2 82 183 48
2 2 83 184 48
2 2 83 185 48
2 2 82 186 48
2 2 81 187 48
2 2 82 187 48
2 2 82 186 48
2 2 83 185 48
2 2 84 185 48
2 2 85 185 48
2 2 85 184 48
2 2 84 183 48
2 2 85 182 48
2 2 86 182 48
2 2 87 182 48
2 2 88 182 48
2 2 89 183 48
2 2 88 184 48
2 2 89 185 48
2 2 90 186 48
2 2 89 185 48
2 2 90 184 48
2 2 91 184 48
2 2 92 184 48
2 2 93 184 48
2 2 92 183 48
2 2 93 182 48
2 2 94 182 48
2 2 95 181 48
2 2 96 181 48
2 2 97 182 48
2 2 96 183 48
2 2 95 184 48
2 2 96 183 48
2 2 97 184 48
2 2 97 185 48
2 2 97 186 48
2 2 98 186 48
2 2 99 186 48
2 2 100 187 48
2 2 101 186 48
2 2 102 187 48
2 2 103 188 48
2 2 104 188 48
2 2 103 187 48
2 2 102 186 48
2 2 101 186 48
2 2 100 185 48
2 2 99 185 48
2 2 98 185 48
2 2 97 184 48
2 2 97 183 48
2 2 97 182 48
2 2 96 181 48
2 2 95 180 48
2 2 95 179 48
2 2 95 178 48
2 2 95 177 48
2 2 95 176 48
2 2 94 175 48
2 2 93 175 48
2 2 92 175 48
2 2 91 174 48
2 2 91 173 48
2 2 90 173 48
2 2 89 173 48
2 2 88 174 48
2 2 87 173 48
2 2 86 173 48
2 2 85 172 48
2 2 85 171 48
2 2 84 171 48
2 2 83 172 48
2 2 82 171 48
2 2 81 171 48
2 2 80 171 48
2 2 79 170 48
2 2 78 171 48
2 2 77 170 48
2 2 76 170 48
2 2 75 171 48
2 2 74 171 48
2 2 73 170 48
2 2 74 169 48
2 2 73 170 48
2 2 72 170 48
2 2 71 169 48
2 2 70 168 48
2 2 71 167 48
2 2 70 166 48
2 2 71 165 48
2 2 71 164 48
2 2 72 163 48
2 2 71 163 48
2 2 70 164 48
2 2 71 165 48
2 2 70 166 48
2 2 69 167 48
2 2 68 168 48
2 2 67 167 48
2 2 66 167 48
2 2 65 166 48
2 2 65 165 48
2 2 66 164 48
2 2 67 165 48
2 2 67 164 48
2 2 66 164 48
2 2 65 163 48
2 2 64 164 48
2 2 63 165 48
2 2 62 164 48
2 2 62 163 48
2 2 63 162 48
2 2 64 161 48
2 2 65 161 48
2 2 64 161 48
