5.55500	0.80840	0.50120	15.00000	10.00000	2.50	1.000
5.55600	0.80760	0.50150	15.50000	10.00000	2.50	1.000
5.54100	0.79300	0.50720	16.00000	10.00000	2.50	1.000
5.54900	0.79190	0.50530	16.50000	10.00000	2.50	1.000
5.54100	0.79420	0.50760	17.00000	10.00000	2.50	1.000
5.55000	0.80780	0.49840	17.50000	10.00000	2.50	1.000
5.55000	0.80340	0.50030	18.00000	10.00000	2.50	1.000
5.54900	0.80550	0.50210	18.50000	10.00000	2.50	1.000
5.55200	0.80390	0.49920	19.00000	10.00000	2.50	1.000
5.55100	0.80520	0.50160	19.50000	10.00000	2.50	1.000
5.54800	0.80480	0.50570	20.00000	10.00000	2.50	1.000
5.54700	0.80240	0.50870	20.50000	10.00000	2.50	1.000
5.53900	0.79010	0.51830	21.00000	10.00000	2.50	1.000
5.54000	0.79570	0.51620	21.50000	10.00000	2.50	1.000
5.53200	0.78990	0.51830	22.00000	10.00000	2.50	1.000
5.52300	0.79220	0.52180	22.50000	10.00000	2.50	1.000
5.51700	0.78180	0.53010	23.00000	10.00000	2.50	1.000
5.53100	0.79590	0.51500	23.50000	10.00000	2.50	1.000
5.53100	0.79620	0.51480	24.00000	10.00000	2.50	1.000
5.53600	0.79820	0.50700	24.50000	10.00000	2.50	1.000
5.52700	0.80630	0.51350	25.00000	10.00000	2.50	1.000
5.53600	0.80720	0.50570	25.50000	10.00000	2.50	1.000
5.53000	0.80820	0.50820	26.00000	10.00000	2.50	1.000
5.53300	0.80740	0.50730	26.50000	10.00000	2.50	1.000
5.53800	0.80250	0.50180	27.00000	10.00000	2.50	1.000
5.54000	0.79970	0.50610	27.50000	10.00000	2.50	1.000
5.54500	0.78900	0.51010	28.00000	10.00000	2.50	1.000
5.52300	0.78350	0.53410	28.50000	10.00000	2.50	1.000
5.52100	0.78980	0.53460	29.00000	10.00000	2.50	1.000
5.51300	0.78700	0.54790	29.50000	10.00000	2.50	1.000
5.52100	0.78500	0.53490	30.00000	10.00000	2.50	1.000
5.55500	0.80960	0.49790	15.00000	10.50000	2.50	1.000
5.55700	0.80910	0.49750	15.50000	10.50000	2.50	1.000
5.54600	0.80930	0.50310	16.00000	10.50000	2.50	1.000
5.55000	0.80460	0.50800	16.50000	10.50000	2.50	1.000
5.54700	0.78780	0.51350	17.00000	10.50000	2.50	1.000
5.54200	0.78990	0.50820	17.50000	10.50000	2.50	1.000
5.55000	0.80530	0.50200	18.00000	10.50000	2.50	1.000
5.54900	0.80520	0.50240	18.50000	10.50000	2.50	1.000
5.55200	0.80240	0.49850	19.00000	10.50000	2.50	1.000
5.55000	0.79390	0.50050	19.50000	10.50000	2.50	1.000
5.54200	0.79550	0.50820	20.00000	10.50000	2.50	1.000
5.54700	0.79480	0.50680	20.50000	10.50000	2.50	1.000
5.54600	0.79480	0.50660	21.00000	10.50000	2.50	1.000
5.53400	0.79260	0.50980	21.50000	10.50000	2.50	1.000
5.53100	0.79620	0.51540	22.00000	10.50000	2.50	1.000
5.53100	0.79720	0.51330	22.50000	10.50000	2.50	1.000
5.52700	0.79610	0.51800	23.00000	10.50000	2.50	1.000
5.53100	0.79820	0.51350	23.50000	10.50000	2.50	1.000
5.53200	0.79840	0.51160	24.00000	10.50000	2.50	1.000
5.53000	0.79910	0.51380	24.50000	10.50000	2.50	1.000
5.53000	0.80830	0.50550	25.00000	10.50000	2.50	1.000
5.53600	0.80740	0.50300	25.50000	10.50000	2.50	1.000
5.53600	0.80460	0.50290	26.00000	10.50000	2.50	1.000
5.53200	0.78930	0.51690	26.50000	10.50000	2.50	1.000
5.53300	0.79440	0.51420	27.00000	10.50000	2.50	1.000
5.53700	0.79520	0.50840	27.50000	10.50000	2.50	1.000
5.53900	0.77890	0.52120	28.00000	10.50000	2.50	1.000
5.53300	0.77830	0.52330	28.50000	10.50000	2.50	1.000
5.52800	0.78700	0.53480	29.00000	10.50000	2.50	1.000
5.52500	0.78970	0.53090	29.50000	10.50000	2.50	1.000
5.52100	0.78500	0.53490	30.00000	10.50000	2.50	1.000
5.55500	0.80410	0.50330	15.00000	11.00000	2.50	1.000
5.55100	0.79260	0.50070	15.50000	11.00000	2.50	1.000
5.55200	0.80350	0.50160	16.00000	11.00000	2.50	1.000
5.54500	0.78770	0.51620	16.50000	11.00000	2.50	1.000
5.55500	0.80680	0.50460	17.00000	11.00000	2.50	1.000
5.54600	0.79950	0.50300	17.50000	11.00000	2.50	1.000
5.55300	0.79890	0.50040	18.00000	11.00000	2.50	1.000
5.55000	0.79520	0.50190	18.50000	11.00000	2.50	1.000
5.55200	0.79820	0.50130	19.00000	11.00000	2.50	1.000
5.55000	0.79920	0.50200	19.50000	11.00000	2.50	1.000
5.54400	0.79500	0.50770	20.00000	11.00000	2.50	1.000
5.53600	0.79950	0.51620	20.50000	11.00000	2.50	1.000
5.53700	0.79610	0.51040	21.00000	11.00000	2.50	1.000
5.53600	0.79700	0.51130	21.50000	11.00000	2.50	1.000
5.53700	0.79700	0.50710	22.00000	11.00000	2.50	1.000
5.52100	0.79890	0.52160	22.50000	11.00000	2.50	1.000
5.52700	0.79630	0.51740	23.00000	11.00000	2.50	1.000
5.52900	0.80170	0.51780	23.50000	11.00000	2.50	1.000
5.52700	0.79980	0.51430	24.00000	11.00000	2.50	1.000
5.52900	0.80280	0.51140	24.50000	11.00000	2.50	1.000
5.53700	0.79280	0.50880	25.00000	11.00000	2.50	1.000
5.53300	0.80340	0.50860	25.50000	11.00000	2.50	1.000
5.53700	0.80020	0.50750	26.00000	11.00000	2.50	1.000
5.53900	0.79990	0.50710	26.50000	11.00000	2.50	1.000
5.53300	0.79690	0.51220	27.00000	11.00000	2.50	1.000
5.53600	0.79220	0.51340	27.50000	11.00000	2.50	1.000
5.52700	0.78720	0.51980	28.00000	11.00000	2.50	1.000
5.53300	0.79430	0.52630	28.50000	11.00000	2.50	1.000
5.54100	0.79460	0.52200	29.00000	11.00000	2.50	1.000
5.53400	0.79940	0.53750	29.50000	11.00000	2.50	1.000
1.21800	0.49780	0.78320	30.00000	11.00000	2.50	1.000
5.54800	0.79380	0.51640	15.00000	11.50000	2.50	1.000
5.56000	0.79370	0.50700	15.50000	11.50000	2.50	1.000
5.55300	0.79670	0.50880	16.00000	11.50000	2.50	1.000
5.55300	0.79350	0.50790	16.50000	11.50000	2.50	1.000
5.55200	0.79370	0.50570	17.00000	11.50000	2.50	1.000
5.55100	0.79560	0.50250	17.50000	11.50000	2.50	1.000
5.55200	0.80130	0.50610	18.00000	11.50000	2.50	1.000
5.55100	0.80070	0.50620	18.50000	11.50000	2.50	1.000
5.54800	0.80000	0.50210	19.00000	11.50000	2.50	1.000
5.55000	0.79590	0.50120	19.50000	11.50000	2.50	1.000
5.54700	0.79480	0.50670	20.00000	11.50000	2.50	1.000
5.53800	0.79630	0.51020	20.50000	11.50000	2.50	1.000
5.53400	0.79110	0.51520	21.00000	11.50000	2.50	1.000
5.53700	0.79660	0.51070	21.50000	11.50000	2.50	1.000
5.53100	0.79720	0.51410	22.00000	11.50000	2.50	1.000
5.52600	0.79610	0.51560	22.50000	11.50000	2.50	1.000
5.51800	0.79270	0.52450	23.00000	11.50000	2.50	1.000
5.52200	0.79470	0.52030	23.50000	11.50000	2.50	1.000
5.53400	0.79750	0.50900	24.00000	11.50000	2.50	1.000
5.53500	0.79920	0.50900	24.50000	11.50000	2.50	1.000
5.53700	0.79670	0.50650	25.00000	11.50000	2.50	1.000
5.53700	0.79690	0.50390	25.50000	11.50000	2.50	1.000
5.53500	0.79060	0.51660	26.00000	11.50000	2.50	1.000
5.53900	0.79710	0.51220	26.50000	11.50000	2.50	1.000
5.53700	0.79370	0.51060	27.00000	11.50000	2.50	1.000
5.54000	0.79240	0.51430	27.50000	11.50000	2.50	1.000
5.52800	0.79040	0.52030	28.00000	11.50000	2.50	1.000
5.53300	0.79040	0.52150	28.50000	11.50000	2.50	1.000
5.54100	0.79120	0.51360	29.00000	11.50000	2.50	1.000
5.53500	0.78740	0.53090	29.50000	11.50000	2.50	1.000
5.53500	0.79650	0.53010	30.00000	11.50000	2.50	1.000
5.55600	0.80200	0.50980	15.00000	12.00000	2.50	1.000
5.53900	0.79510	0.51530	15.50000	12.00000	2.50	1.000
5.54900	0.79430	0.50800	16.00000	12.00000	2.50	1.000
5.54300	0.78390	0.51710	16.50000	12.00000	2.50	1.000
5.54500	0.77720	0.51650	17.00000	12.00000	2.50	1.000
5.54000	0.78960	0.51430	17.50000	12.00000	2.50	1.000
5.55300	0.79860	0.50340	18.00000	12.00000	2.50	1.000
5.54900	0.79940	0.50250	18.50000	12.00000	2.50	1.000
5.55500	0.79800	0.50100	19.00000	12.00000	2.50	1.000
5.54700	0.80070	0.50380	19.50000	12.00000	2.50	1.000
5.54000	0.80140	0.51280	20.00000	12.00000	2.50	1.000
5.53900	0.79980	0.50440	20.50000	12.00000	2.50	1.000
5.53800	0.79920	0.50400	21.00000	12.00000	2.50	1.000
5.53000	0.80150	0.51240	21.50000	12.00000	2.50	1.000
5.53100	0.79910	0.51310	22.00000	12.00000	2.50	1.000
5.52400	0.80420	0.51780	22.50000	12.00000	2.50	1.000
5.51700	0.79500	0.52400	23.00000	12.00000	2.50	1.000
5.52300	0.79440	0.52040	23.50000	12.00000	2.50	1.000
5.52000	0.79300	0.52300	24.00000	12.00000	2.50	1.000
5.53400	0.79670	0.51600	24.50000	12.00000	2.50	1.000
5.53700	0.79680	0.50390	25.00000	12.00000	2.50	1.000
5.54000	0.79600	0.50880	25.50000	12.00000	2.50	1.000
5.53700	0.79590	0.51100	26.00000	12.00000	2.50	1.000
5.53200	0.79510	0.51500	26.50000	12.00000	2.50	1.000
5.54100	0.79360	0.51560	27.00000	12.00000	2.50	1.000
5.53800	0.79590	0.51760	27.50000	12.00000	2.50	1.000
5.53900	0.78910	0.51830	28.00000	12.00000	2.50	1.000
5.53900	0.79290	0.51530	28.50000	12.00000	2.50	1.000
5.53200	0.79370	0.54310	29.00000	12.00000	2.50	1.000
5.53500	0.78740	0.53090	29.50000	12.00000	2.50	1.000
5.53500	0.78740	0.53090	30.00000	12.00000	2.50	1.000
0.31850	0.54110	1.43300	15.00000	12.50000	2.50	1.000
0.30800	0.54510	1.44100	15.50000	12.50000	2.50	1.000
5.55100	0.79620	0.51350	16.00000	12.50000	2.50	1.000
5.53900	0.78460	0.52770	16.50000	12.50000	2.50	1.000
5.55100	0.78620	0.51810	17.00000	12.50000	2.50	1.000
5.54300	0.78870	0.52250	17.50000	12.50000	2.50	1.000
5.54900	0.79520	0.50620	18.00000	12.50000	2.50	1.000
5.54500	0.79920	0.51380	18.50000	12.50000	2.50	1.000
5.53800	0.80310	0.51380	19.00000	12.50000	2.50	1.000
5.53600	0.80420	0.51360	19.50000	12.50000	2.50	1.000
5.54100	0.80160	0.51250	20.00000	12.50000	2.50	1.000
5.53900	0.79160	0.50680	20.50000	12.50000	2.50	1.000
5.53700	0.80030	0.50750	21.00000	12.50000	2.50	1.000
5.53100	0.79970	0.51230	21.50000	12.50000	2.50	1.000
5.53100	0.79650	0.51450	22.00000	12.50000	2.50	1.000
5.52300	0.79640	0.52130	22.50000	12.50000	2.50	1.000
5.53100	0.79730	0.51350	23.00000	12.50000	2.50	1.000
5.53200	0.79560	0.51410	23.50000	12.50000	2.50	1.000
5.52500	0.79640	0.51780	24.00000	12.50000	2.50	1.000
5.52400	0.79500	0.52090	24.50000	12.50000	2.50	1.000
5.52500	0.79300	0.51860	25.00000	12.50000	2.50	1.000
5.53600	0.79380	0.51100	25.50000	12.50000	2.50	1.000
5.53300	0.79530	0.51380	26.00000	12.50000	2.50	1.000
5.53600	0.79000	0.51680	26.50000	12.50000	2.50	1.000
5.54000	0.79050	0.51530	27.00000	12.50000	2.50	1.000
5.54900	0.79390	0.51350	27.50000	12.50000	2.50	1.000
5.53900	0.79040	0.51910	28.00000	12.50000	2.50	1.000
5.53300	0.78020	0.53180	28.50000	12.50000	2.50	1.000
5.53300	0.78020	0.53180	29.00000	12.50000	2.50	1.000
5.49300	0.46700	1.18100	29.50000	12.50000	2.50	1.000
5.49300	0.46700	1.18100	30.00000	12.50000	2.50	1.000
0.30790	0.53940	1.43300	15.00000	13.00000	2.50	1.000
0.31380	0.54030	1.43800	15.50000	13.00000	2.50	1.000
0.31150	0.54100	1.43500	16.00000	13.00000	2.50	1.000
0.31410	0.54030	1.43300	16.50000	13.00000	2.50	1.000
5.53800	0.78840	0.52310	17.00000	13.00000	2.50	1.000
5.55100	0.79450	0.51510	17.50000	13.00000	2.50	1.000
5.54500	0.79400	0.51010	18.00000	13.00000	2.50	1.000
5.54600	0.80040	0.50970	18.50000	13.00000	2.50	1.000
5.54100	0.78920	0.50900	19.00000	13.00000	2.50	1.000
5.54400	0.80440	0.50730	19.50000	13.00000	2.50	1.000
5.54300	0.80220	0.51080	20.00000	13.00000	2.50	1.000
5.53700	0.79740	0.50800	20.50000	13.00000	2.50	1.000
5.53400	0.79390	0.50990	21.00000	13.00000	2.50	1.000
5.53200	0.80250	0.51040	21.50000	13.00000	2.50	1.000
5.53700	0.79710	0.50410	22.00000	13.00000	2.50	1.000
5.53400	0.79680	0.51200	22.50000	13.00000	2.50	1.000
5.53200	0.79530	0.51440	23.00000	13.00000	2.50	1.000
5.53300	0.79530	0.51420	23.50000	13.00000	2.50	1.000
5.53200	0.79580	0.51450	24.00000	13.00000	2.50	1.000
5.53400	0.79570	0.51210	24.50000	13.00000	2.50	1.000
5.53100	0.79620	0.51480	25.00000	13.00000	2.50	1.000
5.54100	0.79090	0.51350	25.50000	13.00000	2.50	1.000
5.54100	0.79050	0.50750	26.00000	13.00000	2.50	1.000
5.54300	0.78460	0.51410	26.50000	13.00000	2.50	1.000
5.54000	0.78590	0.51930	27.00000	13.00000	2.50	1.000
5.54200	0.78730	0.52110	27.50000	13.00000	2.50	1.000
5.53800	0.77770	0.52370	28.00000	13.00000	2.50	1.000
5.49700	0.46290	1.17200	28.50000	13.00000	2.50	1.000
5.49700	0.46290	1.17200	29.00000	13.00000	2.50	1.000
5.48200	0.45890	1.19500	29.50000	13.00000	2.50	1.000
5.48800	0.46510	1.18600	30.00000	13.00000	2.50	1.000
0.29400	0.54360	1.44600	15.00000	13.50000	2.50	1.000
0.30530	0.54360	1.43500	15.50000	13.50000	2.50	1.000
0.31710	0.54080	1.42700	16.00000	13.50000	2.50	1.000
0.31770	0.54250	1.43100	16.50000	13.50000	2.50	1.000
0.32120	0.54010	1.43200	17.00000	13.50000	2.50	1.000
5.54400	0.79330	0.52360	17.50000	13.50000	2.50	1.000
5.53300	0.80080	0.52170	18.00000	13.50000	2.50	1.000
5.54100	0.80300	0.51200	18.50000	13.50000	2.50	1.000
5.53500	0.79020	0.51690	19.00000	13.50000	2.50	1.000
5.54100	0.79980	0.50820	19.50000	13.50000	2.50	1.000
5.53800	0.79830	0.50740	20.00000	13.50000	2.50	1.000
5.53800	0.80080	0.50810	20.50000	13.50000	2.50	1.000
5.53400	0.79110	0.51200	21.00000	13.50000	2.50	1.000
5.53400	0.79910	0.51030	21.50000	13.50000	2.50	1.000
5.53100	0.79740	0.51450	22.00000	13.50000	2.50	1.000
5.53300	0.79600	0.51930	22.50000	13.50000	2.50	1.000
5.52800	0.79730	0.51720	23.00000	13.50000	2.50	1.000
5.53500	0.79870	0.52140	23.50000	13.50000	2.50	1.000
5.53800	0.79350	0.51010	24.00000	13.50000	2.50	1.000
5.52700	0.79430	0.51410	24.50000	13.50000	2.50	1.000
5.54400	0.78780	0.50640	25.00000	13.50000	2.50	1.000
5.54000	0.78940	0.51190	25.50000	13.50000	2.50	1.000
5.54200	0.78420	0.50950	26.00000	13.50000	2.50	1.000
5.54400	0.78530	0.51480	26.50000	13.50000	2.50	1.000
5.53700	0.77580	0.51990	27.00000	13.50000	2.50	1.000
5.54500	0.78050	0.52290	27.50000	13.50000	2.50	1.000
5.53400	0.77620	0.52860	28.00000	13.50000	2.50	1.000
5.47400	0.45250	1.18900	28.50000	13.50000	2.50	1.000
5.48800	0.45550	1.18200	29.00000	13.50000	2.50	1.000
5.48200	0.45890	1.19500	29.50000	13.50000	2.50	1.000
5.47500	0.45820	1.19900	30.00000	13.50000	2.50	1.000
0.30490	0.54140	1.43100	15.00000	14.00000	2.50	1.000
0.30530	0.54360	1.43500	15.50000	14.00000	2.50	1.000
0.31770	0.53420	1.43000	16.00000	14.00000	2.50	1.000
0.32090	0.54090	1.42600	16.50000	14.00000	2.50	1.000
0.31660	0.54340	1.42400	17.00000	14.00000	2.50	1.000
0.31430	0.53930	1.43600	17.50000	14.00000	2.50	1.000
5.53300	0.79480	0.52590	18.00000	14.00000	2.50	1.000
5.53600	0.79890	0.51490	18.50000	14.00000	2.50	1.000
5.54100	0.80380	0.51270	19.00000	14.00000	2.50	1.000
5.53800	0.79840	0.50620	19.50000	14.00000	2.50	1.000
5.53600	0.79760	0.50900	20.00000	14.00000	2.50	1.000
5.53700	0.79720	0.50850	20.50000	14.00000	2.50	1.000
5.53300	0.78400	0.52350	21.00000	14.00000	2.50	1.000
5.53500	0.79730	0.51270	21.50000	14.00000	2.50	1.000
5.53200	0.79590	0.51420	22.00000	14.00000	2.50	1.000
5.52900	0.79560	0.51580	22.50000	14.00000	2.50	1.000
5.53700	0.79490	0.51670	23.00000	14.00000	2.50	1.000
5.53200	0.79490	0.51440	23.50000	14.00000	2.50	1.000
5.53400	0.78790	0.51550	24.00000	14.00000	2.50	1.000
5.54600	0.78770	0.50300	24.50000	14.00000	2.50	1.000
5.54200	0.78560	0.50860	25.00000	14.00000	2.50	1.000
5.55200	0.78060	0.50410	25.50000	14.00000	2.50	1.000
5.55200	0.77290	0.51120	26.00000	14.00000	2.50	1.000
5.55200	0.78480	0.51140	26.50000	14.00000	2.50	1.000
5.54100	0.77610	0.52390	27.00000	14.00000	2.50	1.000
5.54100	0.77610	0.52390	27.50000	14.00000	2.50	1.000
5.53500	0.77290	0.52930	28.00000	14.00000	2.50	1.000
5.49300	0.45710	1.18400	28.50000	14.00000	2.50	1.000
5.45400	0.44910	1.22400	29.00000	14.00000	2.50	1.000
5.47200	0.44880	1.20500	29.50000	14.00000	2.50	1.000
5.46800	0.45060	1.21300	30.00000	14.00000	2.50	1.000
0.27770	0.55000	1.46100	15.00000	14.50000	2.50	1.000
0.29580	0.54320	1.44500	15.50000	14.50000	2.50	1.000
0.30640	0.54600	1.44500	16.00000	14.50000	2.50	1.000
0.31440	0.53980	1.43200	16.50000	14.50000	2.50	1.000
0.32260	0.53900	1.42400	17.00000	14.50000	2.50	1.000
0.31810	0.54060	1.43300	17.50000	14.50000	2.50	1.000
5.54900	0.79420	0.51890	18.00000	14.50000	2.50	1.000
5.53100	0.80220	0.52010	18.50000	14.50000	2.50	1.000
5.53800	0.80250	0.51370	19.00000	14.50000	2.50	1.000
5.53800	0.80330	0.50960	19.50000	14.50000	2.50	1.000
5.53600	0.79240	0.50990	20.00000	14.50000	2.50	1.000
5.54100	0.79880	0.50910	20.50000	14.50000	2.50	1.000
5.53700	0.80380	0.51770	21.00000	14.50000	2.50	1.000
5.54200	0.79650	0.51070	21.50000	14.50000	2.50	1.000
5.52600	0.79570	0.52000	22.00000	14.50000	2.50	1.000
5.53000	0.79660	0.51530	22.50000	14.50000	2.50	1.000
5.51600	0.78630	0.52960	23.00000	14.50000	2.50	1.000
5.52000	0.79060	0.52050	23.50000	14.50000	2.50	1.000
5.53700	0.78990	0.50790	24.00000	14.50000	2.50	1.000
5.54200	0.78500	0.50910	24.50000	14.50000	2.50	1.000
5.54800	0.78480	0.50280	25.00000	14.50000	2.50	1.000
5.54700	0.79000	0.50410	25.50000	14.50000	2.50	1.000
5.55100	0.78520	0.51130	26.00000	14.50000	2.50	1.000
5.55200	0.78480	0.51140	26.50000	14.50000	2.50	1.000
0.27590	0.56470	0.74390	27.00000	14.50000	2.50	1.000
0.27510	0.56100	0.74760	27.50000	14.50000	2.50	1.000
0.28070	0.56140	0.73990	28.00000	14.50000	2.50	1.000
0.26870	0.55990	0.75430	28.50000	14.50000	2.50	1.000
5.48900	0.45750	1.19000	29.00000	14.50000	2.50	1.000
5.47900	0.45830	1.19400	29.50000	14.50000	2.50	1.000
5.46800	0.45480	1.20800	30.00000	14.50000	2.50	1.000
0.28880	0.54830	1.45100	15.00000	15.00000	2.50	1.000
0.28880	0.54830	1.45100	15.50000	15.00000	2.50	1.000
0.30750	0.55030	1.43200	16.00000	15.00000	2.50	1.000
0.30880	0.54960	1.43200	16.50000	15.00000	2.50	1.000
0.31080	0.53710	1.43500	17.00000	15.00000	2.50	1.000
0.30780	0.54710	1.43500	17.50000	15.00000	2.50	1.000
0.30650	0.54100	1.43700	18.00000	15.00000	2.50	1.000
5.53900	0.79600	0.51470	18.50000	15.00000	2.50	1.000
5.53600	0.80140	0.51380	19.00000	15.00000	2.50	1.000
5.54300	0.80060	0.50860	19.50000	15.00000	2.50	1.000
5.53800	0.80250	0.51400	20.00000	15.00000	2.50	1.000
5.54000	0.80120	0.51400	20.50000	15.00000	2.50	1.000
5.53200	0.79570	0.51470	21.00000	15.00000	2.50	1.000
5.53600	0.79670	0.51160	21.50000	15.00000	2.50	1.000
5.52400	0.79000	0.52130	22.00000	15.00000	2.50	1.000
5.52800	0.79130	0.51250	22.50000	15.00000	2.50	1.000
5.52400	0.79050	0.51990	23.00000	15.00000	2.50	1.000
5.53100	0.78290	0.51750	23.50000	15.00000	2.50	1.000
5.54200	0.78310	0.50760	24.00000	15.00000	2.50	1.000
5.54500	0.78560	0.50150	24.50000	15.00000	2.50	1.000
5.55100	0.78750	0.50110	25.00000	15.00000	2.50	1.000
5.54800	0.78360	0.50620	25.50000	15.00000	2.50	1.000
5.55400	0.78590	0.51110	26.00000	15.00000	2.50	1.000
0.27320	0.56120	0.74630	26.50000	15.00000	2.50	1.000
0.26260	0.55280	0.75900	27.00000	15.00000	2.50	1.000
0.27060	0.55680	0.74900	27.50000	15.00000	2.50	1.000
0.27250	0.56010	0.74810	28.00000	15.00000	2.50	1.000
0.28590	0.55360	0.72950	28.50000	15.00000	2.50	1.000
0.28620	0.56070	0.73500	29.00000	15.00000	2.50	1.000
0.25950	0.56300	0.76290	29.50000	15.00000	2.50	1.000
5.48400	0.47390	1.19400	30.00000	15.00000	2.50	1.000
0.30410	0.55350	1.43600	15.00000	15.50000	2.50	1.000
0.29240	0.55220	1.45100	15.50000	15.50000	2.50	1.000
0.30450	0.55190	1.43800	16.00000	15.50000	2.50	1.000
0.31220	0.54960	1.43500	16.50000	15.50000	2.50	1.000
0.30930	0.54900	1.43700	17.00000	15.50000	2.50	1.000
0.30680	0.55260	1.43300	17.50000	15.50000	2.50	1.000
0.31070	0.55000	1.42700	18.00000	15.50000	2.50	1.000
0.31860	0.54560	1.42000	18.50000	15.50000	2.50	1.000
5.53800	0.80550	0.51680	19.00000	15.50000	2.50	1.000
5.52700	0.79900	0.51450	19.50000	15.50000	2.50	1.000
5.53400	0.80510	0.52120	20.00000	15.50000	2.50	1.000
5.53500	0.79690	0.51560	20.50000	15.50000	2.50	1.000
5.53400	0.80140	0.52370	21.00000	15.50000	2.50	1.000
5.52700	0.79310	0.51990	21.50000	15.50000	2.50	1.000
5.52500	0.79100	0.52070	22.00000	15.50000	2.50	1.000
5.52100	0.78460	0.52170	22.50000	15.50000	2.50	1.000
5.52700	0.79030	0.51880	23.00000	15.50000	2.50	1.000
5.53100	0.78700	0.50780	23.50000	15.50000	2.50	1.000
5.54300	0.78050	0.50360	24.00000	15.50000	2.50	1.000
5.54600	0.78710	0.50040	24.50000	15.50000	2.50	1.000
5.55200	0.78140	0.50260	25.00000	15.50000	2.50	1.000
0.26420	0.55740	0.75650	25.50000	15.50000	2.50	1.000
0.26320	0.55440	0.75650	26.00000	15.50000	2.50	1.000
0.26410	0.55470	0.75600	26.50000	15.50000	2.50	1.000
0.26250	0.54670	0.75590	27.00000	15.50000	2.50	1.000
0.27060	0.55680	0.74900	27.50000	15.50000	2.50	1.000
0.27130	0.55050	0.74290	28.00000	15.50000	2.50	1.000
0.27820	0.55620	0.73200	28.50000	15.50000	2.50	1.000
0.28640	0.55490	0.72430	29.00000	15.50000	2.50	1.000
0.29350	0.55370	0.71420	29.50000	15.50000	2.50	1.000
0.27670	0.55590	0.74050	30.00000	15.50000	2.50	1.000
0.30240	0.55980	1.46100	15.00000	16.00000	2.50	1.000
0.28990	0.55130	1.45600	15.50000	16.00000	2.50	1.000
0.30430	0.55430	1.43600	16.00000	16.00000	2.50	1.000
0.29990	0.55440	1.43800	16.50000	16.00000	2.50	1.000
0.30350	0.55100	1.44400	17.00000	16.00000	2.50	1.000
0.30780	0.54710	1.43500	17.50000	16.00000	2.50	1.000
0.32010	0.54640	1.42500	18.00000	16.00000	2.50	1.000
0.31860	0.54560	1.42000	18.50000	16.00000	2.50	1.000
0.31170	0.54830	1.42900	19.00000	16.00000	2.50	1.000
0.32220	0.55050	1.42100	19.50000	16.00000	2.50	1.000
5.51600	0.78630	0.52580	20.00000	16.00000	2.50	1.000
5.53700	0.79480	0.52190	20.50000	16.00000	2.50	1.000
5.52200	0.78990	0.51980	21.00000	16.00000	2.50	1.000
5.52100	0.79160	0.52110	21.50000	16.00000	2.50	1.000
5.52700	0.79040	0.51910	22.00000	16.00000	2.50	1.000
5.52300	0.78770	0.51890	22.50000	16.00000	2.50	1.000
5.52400	0.78450	0.51110	23.00000	16.00000	2.50	1.000
5.53900	0.78200	0.50590	23.50000	16.00000	2.50	1.000
5.54100	0.78350	0.50800	24.00000	16.00000	2.50	1.000
5.54600	0.78460	0.50570	24.50000	16.00000	2.50	1.000
0.27340	0.56230	0.74290	25.00000	16.00000	2.50	1.000
0.25780	0.55350	0.76350	25.50000	16.00000	2.50	1.000
0.26340	0.54610	0.75790	26.00000	16.00000	2.50	1.000
0.26280	0.55110	0.75500	26.50000	16.00000	2.50	1.000
0.26930	0.55340	0.74550	27.00000	16.00000	2.50	1.000
0.27300	0.55210	0.74580	27.50000	16.00000	2.50	1.000
0.27510	0.55550	0.72740	28.00000	16.00000	2.50	1.000
0.27820	0.55620	0.73200	28.50000	16.00000	2.50	1.000
0.29140	0.54660	0.71220	29.00000	16.00000	2.50	1.000
0.29350	0.55370	0.71420	29.50000	16.00000	2.50	1.000
1.11200	0.41540	0.08834	30.00000	16.00000	2.50	1.000
0.30070	0.55990	1.46100	15.00000	16.50000	2.50	1.000
0.29410	0.55730	1.46500	15.50000	16.50000	2.50	1.000
0.28270	0.54500	1.46800	16.00000	16.50000	2.50	1.000
0.28540	0.55370	1.46600	16.50000	16.50000	2.50	1.000
0.28000	0.55370	1.46900	17.00000	16.50000	2.50	1.000
0.29490	0.55400	1.45400	17.50000	16.50000	2.50	1.000
0.30900	0.55130	1.43300	18.00000	16.50000	2.50	1.000
0.31750	0.54890	1.42500	18.50000	16.50000	2.50	1.000
0.31170	0.55060	1.42300	19.00000	16.50000	2.50	1.000
0.32390	0.54060	1.42300	19.50000	16.50000	2.50	1.000
0.32520	0.55080	1.41400	20.00000	16.50000	2.50	1.000
5.51900	0.78350	0.52100	20.50000	16.50000	2.50	1.000
5.51900	0.79110	0.52400	21.00000	16.50000	2.50	1.000
5.52400	0.79010	0.51650	21.50000	16.50000	2.50	1.000
5.52800	0.78360	0.51780	22.00000	16.50000	2.50	1.000
5.53300	0.78520	0.51300	22.50000	16.50000	2.50	1.000
5.53800	0.78240	0.50690	23.00000	16.50000	2.50	1.000
5.54300	0.78300	0.51010	23.50000	16.50000	2.50	1.000
5.53300	0.78660	0.51490	24.00000	16.50000	2.50	1.000
5.54600	0.78460	0.50570	24.50000	16.50000	2.50	1.000
0.26550	0.55730	0.75250	25.00000	16.50000	2.50	1.000
0.26220	0.55510	0.75900	25.50000	16.50000	2.50	1.000
0.26460	0.54670	0.74870	26.00000	16.50000	2.50	1.000
0.26450	0.54900	0.75030	26.50000	16.50000	2.50	1.000
0.26950	0.54840	0.74840	27.00000	16.50000	2.50	1.000
0.26950	0.54840	0.74840	27.50000	16.50000	2.50	1.000
0.26710	0.53820	0.73320	28.00000	16.50000	2.50	1.000
0.28880	0.55380	0.72280	28.50000	16.50000	2.50	1.000
0.27770	0.53210	0.70970	29.00000	16.50000	2.50	1.000
1.08400	0.41300	0.10790	29.50000	16.50000	2.50	1.000
1.09100	0.41330	0.10330	30.00000	16.50000	2.50	1.000
0.28200	0.57250	1.47600	15.00000	17.00000	2.50	1.000
0.29060	0.56700	1.46700	15.50000	17.00000	2.50	1.000
0.29810	0.55760	1.45900	16.00000	17.00000	2.50	1.000
0.28440	0.55860	1.47100	16.50000	17.00000	2.50	1.000
0.29320	0.55310	1.45500	17.00000	17.00000	2.50	1.000
0.28690	0.55110	1.46700	17.50000	17.00000	2.50	1.000
0.30980	0.54630	1.44300	18.00000	17.00000	2.50	1.000
0.30950	0.55280	1.43200	18.50000	17.00000	2.50	1.000
0.31650	0.55090	1.41700	19.00000	17.00000	2.50	1.000
0.31460	0.54730	1.42300	19.50000	17.00000	2.50	1.000
0.32920	0.55350	1.40500	20.00000	17.00000	2.50	1.000
0.33770	0.54590	1.40900	20.50000	17.00000	2.50	1.000
5.50500	0.77780	0.52280	21.00000	17.00000	2.50	1.000
5.53000	0.78820	0.51320	21.50000	17.00000	2.50	1.000
5.53100	0.78950	0.51740	22.00000	17.00000	2.50	1.000
5.54100	0.78200	0.50450	22.50000	17.00000	2.50	1.000
5.54100	0.78720	0.50660	23.00000	17.00000	2.50	1.000
5.53500	0.78040	0.51580	23.50000	17.00000	2.50	1.000
5.54600	0.78700	0.50730	24.00000	17.00000	2.50	1.000
0.26870	0.55640	0.73030	24.50000	17.00000	2.50	1.000
0.24400	0.54020	0.75310	25.00000	17.00000	2.50	1.000
0.26540	0.53140	0.73630	25.50000	17.00000	2.50	1.000
0.26540	0.53140	0.73630	26.00000	17.00000	2.50	1.000
0.26610	0.53000	0.73380	26.50000	17.00000	2.50	1.000
0.28390	0.52140	0.71870	27.00000	17.00000	2.50	1.000
0.26710	0.53580	0.73290	27.50000	17.00000	2.50	1.000
0.28230	0.53050	0.71640	28.00000	17.00000	2.50	1.000
0.28230	0.53050	0.71640	28.50000	17.00000	2.50	1.000
1.07900	0.41350	0.11110	29.00000	17.00000	2.50	1.000
1.12200	0.41310	0.07671	29.50000	17.00000	2.50	1.000
1.09600	0.41280	0.09849	30.00000	17.00000	2.50	1.000
0.29390	0.57230	1.47000	15.00000	17.50000	2.50	1.000
0.30300	0.56630	1.46000	15.50000	17.50000	2.50	1.000
0.29810	0.55760	1.45900	16.00000	17.50000	2.50	1.000
0.28800	0.55810	1.46600	16.50000	17.50000	2.50	1.000
0.29320	0.55310	1.45500	17.00000	17.50000	2.50	1.000
0.29700	0.55490	1.44800	17.50000	17.50000	2.50	1.000
0.30430	0.55380	1.44400	18.00000	17.50000	2.50	1.000
0.30920	0.54640	1.44200	18.50000	17.50000	2.50	1.000
0.31670	0.54830	1.42100	19.00000	17.50000	2.50	1.000
0.32820	0.55310	1.40900	19.50000	17.50000	2.50	1.000
0.32040	0.55190	1.42200	20.00000	17.50000	2.50	1.000
0.33180	0.54600	1.39900	20.50000	17.50000	2.50	1.000
5.53300	0.79080	0.51700	21.00000	17.50000	2.50	1.000
5.53500	0.78640	0.51180	21.50000	17.50000	2.50	1.000
5.53900	0.77620	0.50180	22.00000	17.50000	2.50	1.000
5.54000	0.78600	0.50900	22.50000	17.50000	2.50	1.000
5.54100	0.78290	0.51860	23.00000	17.50000	2.50	1.000
5.54100	0.78660	0.50830	23.50000	17.50000	2.50	1.000
5.54600	0.78700	0.50730	24.00000	17.50000	2.50	1.000
0.26860	0.53860	0.72500	24.50000	17.50000	2.50	1.000
0.25790	0.53030	0.73410	25.00000	17.50000	2.50	1.000
0.25790	0.53030	0.73410	25.50000	17.50000	2.50	1.000
0.27210	0.52890	0.72320	26.00000	17.50000	2.50	1.000
0.26910	0.53010	0.72750	26.50000	17.50000	2.50	1.000
0.27010	0.52970	0.72700	27.00000	17.50000	2.50	1.000
0.26340	0.52570	0.73130	27.50000	17.50000	2.50	1.000
0.27330	0.52520	0.71860	28.00000	17.50000	2.50	1.000
0.26830	0.52730	0.71500	28.50000	17.50000	2.50	1.000
1.07900	0.41350	0.11110	29.00000	17.50000	2.50	1.000
1.08700	0.41130	0.09906	29.50000	17.50000	2.50	1.000
1.09100	0.41660	0.09586	30.00000	17.50000	2.50	1.000
0.29390	0.57230	1.47000	15.00000	18.00000	2.50	1.000
0.29280	0.56380	1.46800	15.50000	18.00000	2.50	1.000
0.29280	0.56380	1.46800	16.00000	18.00000	2.50	1.000
0.28800	0.55810	1.46600	16.50000	18.00000	2.50	1.000
0.29080	0.55630	1.45900	17.00000	18.00000	2.50	1.000
0.29320	0.55310	1.45500	17.50000	18.00000	2.50	1.000
0.29120	0.54700	1.45000	18.00000	18.00000	2.50	1.000
0.30790	0.54660	1.43600	18.50000	18.00000	2.50	1.000
0.32190	0.54120	1.42500	19.00000	18.00000	2.50	1.000
0.31800	0.54560	1.41800	19.50000	18.00000	2.50	1.000
0.31770	0.54690	1.41800	20.00000	18.00000	2.50	1.000
0.31770	0.54690	1.41800	20.50000	18.00000	2.50	1.000
5.53300	0.79360	0.51540	21.00000	18.00000	2.50	1.000
5.53500	0.78640	0.51180	21.50000	18.00000	2.50	1.000
5.54000	0.78600	0.50900	22.00000	18.00000	2.50	1.000
5.54000	0.78600	0.50900	22.50000	18.00000	2.50	1.000
5.54400	0.78040	0.51110	23.00000	18.00000	2.50	1.000
5.54400	0.78040	0.51110	23.50000	18.00000	2.50	1.000
5.54100	0.78660	0.50830	24.00000	18.00000	2.50	1.000
0.26860	0.53860	0.72500	24.50000	18.00000	2.50	1.000
0.25790	0.53030	0.73410	25.00000	18.00000	2.50	1.000
0.25790	0.53030	0.73410	25.50000	18.00000	2.50	1.000
0.26910	0.53010	0.72750	26.00000	18.00000	2.50	1.000
0.27210	0.52890	0.72320	26.50000	18.00000	2.50	1.000
0.26910	0.53010	0.72750	27.00000	18.00000	2.50	1.000
0.26750	0.52860	0.73190	27.50000	18.00000	2.50	1.000
0.26750	0.52860	0.73190	28.00000	18.00000	2.50	1.000
0.27330	0.52520	0.71860	28.50000	18.00000	2.50	1.000
0.28410	0.52770	0.71010	29.00000	18.00000	2.50	1.000
1.08700	0.41130	0.09906	29.50000	18.00000	2.50	1.000
1.09100	0.41660	0.09586	30.00000	18.00000	2.50	1.000
0.29350	0.57640	1.48000	15.00000	18.50000	2.50	1.000
0.29360	0.56770	1.49700	15.50000	18.50000	2.50	1.000
0.29350	0.57640	1.48000	16.00000	18.50000	2.50	1.000
0.29970	0.55300	1.47100	16.50000	18.50000	2.50	1.000
0.29970	0.55300	1.47100	17.00000	18.50000	2.50	1.000
0.28380	0.55380	1.46900	17.50000	18.50000	2.50	1.000
0.29380	0.54490	1.45700	18.00000	18.50000	2.50	1.000
0.29120	0.54700	1.45000	18.50000	18.50000	2.50	1.000
0.33590	0.53580	1.41100	19.00000	18.50000	2.50	1.000
0.33590	0.53580	1.41100	19.50000	18.50000	2.50	1.000
0.33020	0.54340	1.39600	20.00000	18.50000	2.50	1.000
0.31770	0.54690	1.41800	20.50000	18.50000	2.50	1.000
0.31770	0.54690	1.41800	21.00000	18.50000	2.50	1.000
5.53900	0.79620	0.50950	21.50000	18.50000	2.50	1.000
5.54300	0.78830	0.50590	22.00000	18.50000	2.50	1.000
5.54500	0.78750	0.50360	22.50000	18.50000	2.50	1.000
5.54500	0.78750	0.50360	23.00000	18.50000	2.50	1.000
5.53600	0.79260	0.50570	23.50000	18.50000	2.50	1.000
5.53600	0.79260	0.50570	24.00000	18.50000	2.50	1.000
5.53800	0.79770	0.50440	24.50000	18.50000	2.50	1.000
0.25360	0.55790	0.74500	25.00000	18.50000	2.50	1.000
0.25360	0.55790	0.74500	25.50000	18.50000	2.50	1.000
0.25150	0.54120	0.74910	26.00000	18.50000	2.50	1.000
0.27940	0.52350	0.72280	26.50000	18.50000	2.50	1.000
0.27940	0.52350	0.72280	27.00000	18.50000	2.50	1.000
0.26390	0.53110	0.73680	27.50000	18.50000	2.50	1.000
0.26750	0.52860	0.73190	28.00000	18.50000	2.50	1.000
0.26750	0.52860	0.73190	28.50000	18.50000	2.50	1.000
0.28410	0.52770	0.71010	29.00000	18.50000	2.50	1.000
1.09800	0.42090	0.08690	29.50000	18.50000	2.50	1.000
1.09800	0.42090	0.08690	30.00000	18.50000	2.50	1.000
0.00000	0.00000	0.00000	15.00000	19.00000	2.50	1.000
0.00000	0.00000	0.00000	15.50000	19.00000	2.50	1.000
0.00000	0.00000	0.00000	16.00000	19.00000	2.50	1.000
0.00000	0.00000	0.00000	16.50000	19.00000	2.50	1.000
0.00000	0.00000	0.00000	17.00000	19.00000	2.50	1.000
0.00000	0.00000	0.00000	17.50000	19.00000	2.50	1.000
0.00000	0.00000	0.00000	18.00000	19.00000	2.50	1.000
0.00000	0.00000	0.00000	18.50000	19.00000	2.50	1.000
0.00000	0.00000	0.00000	19.00000	19.00000	2.50	1.000
0.00000	0.00000	0.00000	19.50000	19.00000	2.50	1.000
0.00000	0.00000	0.00000	20.00000	19.00000	2.50	1.000
0.00000	0.00000	0.00000	20.50000	19.00000	2.50	1.000
0.00000	0.00000	0.00000	21.00000	19.00000	2.50	1.000
0.00000	0.00000	0.00000	21.50000	19.00000	2.50	1.000
0.00000	0.00000	0.00000	22.00000	19.00000	2.50	1.000
0.00000	0.00000	0.00000	22.50000	19.00000	2.50	1.000
0.00000	0.00000	0.00000	23.00000	19.00000	2.50	1.000
0.00000	0.00000	0.00000	23.50000	19.00000	2.50	1.000
0.00000	0.00000	0.00000	24.00000	19.00000	2.50	1.000
0.00000	0.00000	0.00000	24.50000	19.00000	2.50	1.000
0.00000	0.00000	0.00000	25.00000	19.00000	2.50	1.000
0.00000	0.00000	0.00000	25.50000	19.00000	2.50	1.000
0.00000	0.00000	0.00000	26.00000	19.00000	2.50	1.000
0.00000	0.00000	0.00000	26.50000	19.00000	2.50	1.000
0.00000	0.00000	0.00000	27.00000	19.00000	2.50	1.000
0.00000	0.00000	0.00000	27.50000	19.00000	2.50	1.000
0.00000	0.00000	0.00000	28.00000	19.00000	2.50	1.000
0.00000	0.00000	0.00000	28.50000	19.00000	2.50	1.000
0.00000	0.00000	0.00000	29.00000	19.00000	2.50	1.000
0.00000	0.00000	0.00000	29.50000	19.00000	2.50	1.000
0.00000	0.00000	0.00000	30.00000	19.00000	2.50	1.000
0.00000	0.00000	0.00000	15.00000	19.50000	2.50	1.000
0.00000	0.00000	0.00000	15.50000	19.50000	2.50	1.000
0.00000	0.00000	0.00000	16.00000	19.50000	2.50	1.000
0.00000	0.00000	0.00000	16.50000	19.50000	2.50	1.000
0.00000	0.00000	0.00000	17.00000	19.50000	2.50	1.000
0.00000	0.00000	0.00000	17.50000	19.50000	2.50	1.000
0.00000	0.00000	0.00000	18.00000	19.50000	2.50	1.000
0.00000	0.00000	0.00000	18.50000	19.50000	2.50	1.000
0.00000	0.00000	0.00000	19.00000	19.50000	2.50	1.000
0.00000	0.00000	0.00000	19.50000	19.50000	2.50	1.000
0.00000	0.00000	0.00000	20.00000	19.50000	2.50	1.000
0.00000	0.00000	0.00000	20.50000	19.50000	2.50	1.000
0.00000	0.00000	0.00000	21.00000	19.50000	2.50	1.000
0.00000	0.00000	0.00000	21.50000	19.50000	2.50	1.000
0.00000	0.00000	0.00000	22.00000	19.50000	2.50	1.000
0.00000	0.00000	0.00000	22.50000	19.50000	2.50	1.000
0.00000	0.00000	0.00000	23.00000	19.50000	2.50	1.000
0.00000	0.00000	0.00000	23.50000	19.50000	2.50	1.000
0.00000	0.00000	0.00000	24.00000	19.50000	2.50	1.000
0.00000	0.00000	0.00000	24.50000	19.50000	2.50	1.000
0.00000	0.00000	0.00000	25.00000	19.50000	2.50	1.000
0.00000	0.00000	0.00000	25.50000	19.50000	2.50	1.000
0.00000	0.00000	0.00000	26.00000	19.50000	2.50	1.000
0.00000	0.00000	0.00000	26.50000	19.50000	2.50	1.000
0.00000	0.00000	0.00000	27.00000	19.50000	2.50	1.000
0.00000	0.00000	0.00000	27.50000	19.50000	2.50	1.000
0.00000	0.00000	0.00000	28.00000	19.50000	2.50	1.000
0.00000	0.00000	0.00000	28.50000	19.50000	2.50	1.000
0.00000	0.00000	0.00000	29.00000	19.50000	2.50	1.000
0.00000	0.00000	0.00000	29.50000	19.50000	2.50	1.000
0.00000	0.00000	0.00000	30.00000	19.50000	2.50	1.000
