4.57900	0.67830	0.84920	8.00000	11.00000	2.50	1.000
4.55800	0.68250	0.87940	8.50000	11.00000	2.50	1.000
4.55600	0.68160	0.87530	9.00000	11.00000	2.50	1.000
4.50900	0.67390	0.92690	9.50000	11.00000	2.50	1.000
4.53700	0.68330	0.90060	10.00000	11.00000	2.50	1.000
4.51900	0.67190	0.92880	10.50000	11.00000	2.50	1.000
4.52800	0.68310	0.90890	11.00000	11.00000	2.50	1.000
5.53600	0.79250	0.51000	11.50000	11.00000	2.50	1.000
5.55900	0.79030	0.49060	12.00000	11.00000	2.50	1.000
5.56100	0.79590	0.50430	12.50000	11.00000	2.50	1.000
5.55400	0.80010	0.50820	13.00000	11.00000	2.50	1.000
4.55200	0.66450	0.86850	8.00000	11.50000	2.50	1.000
4.51700	0.66820	0.90740	8.50000	11.50000	2.50	1.000
4.48900	0.68280	0.93960	9.00000	11.50000	2.50	1.000
4.49100	0.68570	0.93950	9.50000	11.50000	2.50	1.000
4.49900	0.67850	0.94170	10.00000	11.50000	2.50	1.000
4.50400	0.66650	0.92610	10.50000	11.50000	2.50	1.000
4.50000	0.67840	0.94560	11.00000	11.50000	2.50	1.000
5.53600	0.79250	0.51000	11.50000	11.50000	2.50	1.000
5.55800	0.78300	0.48710	12.00000	11.50000	2.50	1.000
5.55500	0.79360	0.50120	12.50000	11.50000	2.50	1.000
5.55500	0.79680	0.50700	13.00000	11.50000	2.50	1.000
4.55300	0.66490	0.86350	8.00000	12.00000	2.50	1.000
4.53500	0.67980	0.89920	8.50000	12.00000	2.50	1.000
4.51700	0.66820	0.90740	9.00000	12.00000	2.50	1.000
4.49300	0.68340	0.93970	9.50000	12.00000	2.50	1.000
4.49400	0.67070	0.93250	10.00000	12.00000	2.50	1.000
4.48900	0.67370	0.93750	10.50000	12.00000	2.50	1.000
4.49400	0.67000	0.93460	11.00000	12.00000	2.50	1.000
5.55000	0.78600	0.50130	11.50000	12.00000	2.50	1.000
5.55500	0.79360	0.50120	12.00000	12.00000	2.50	1.000
5.55500	0.79680	0.50700	12.50000	12.00000	2.50	1.000
5.55500	0.79680	0.50700	13.00000	12.00000	2.50	1.000
4.61900	0.65900	0.80610	8.00000	12.50000	2.50	1.000
4.55300	0.67010	0.88130	8.50000	12.50000	2.50	1.000
4.55300	0.64950	0.86360	9.00000	12.50000	2.50	1.000
4.54700	0.65410	0.86850	9.50000	12.50000	2.50	1.000
4.55500	0.64990	0.85320	10.00000	12.50000	2.50	1.000
4.52800	0.65390	0.89400	10.50000	12.50000	2.50	1.000
0.26820	0.55410	1.44500	11.00000	12.50000	2.50	1.000
0.27760	0.54820	1.44800	11.50000	12.50000	2.50	1.000
0.24870	0.54470	1.47200	12.00000	12.50000	2.50	1.000
0.24680	0.54510	1.48100	12.50000	12.50000	2.50	1.000
0.25430	0.55450	1.47700	13.00000	12.50000	2.50	1.000
4.62900	0.65600	0.78540	8.00000	13.00000	2.50	1.000
4.61100	0.65630	0.81050	8.50000	13.00000	2.50	1.000
4.56500	0.64740	0.84660	9.00000	13.00000	2.50	1.000
4.54500	0.65390	0.86340	9.50000	13.00000	2.50	1.000
4.56200	0.65920	0.85830	10.00000	13.00000	2.50	1.000
0.26600	0.53980	1.44300	10.50000	13.00000	2.50	1.000
0.26960	0.55280	1.45200	11.00000	13.00000	2.50	1.000
0.28030	0.54900	1.45200	11.50000	13.00000	2.50	1.000
0.25420	0.54790	1.47500	12.00000	13.00000	2.50	1.000
0.25180	0.54760	1.48200	12.50000	13.00000	2.50	1.000
0.25720	0.55240	1.47900	13.00000	13.00000	2.50	1.000
4.65500	0.65650	0.75600	8.00000	13.50000	2.50	1.000
4.65000	0.65560	0.77540	8.50000	13.50000	2.50	1.000
4.61100	0.65630	0.81050	9.00000	13.50000	2.50	1.000
4.59200	0.65620	0.82560	9.50000	13.50000	2.50	1.000
4.59200	0.65620	0.82560	10.00000	13.50000	2.50	1.000
0.26640	0.55130	1.43700	10.50000	13.50000	2.50	1.000
0.26890	0.55440	1.45500	11.00000	13.50000	2.50	1.000
0.26130	0.55020	1.46800	11.50000	13.50000	2.50	1.000
0.26640	0.54780	1.46700	12.00000	13.50000	2.50	1.000
0.26530	0.54810	1.47500	12.50000	13.50000	2.50	1.000
0.27180	0.54770	1.47200	13.00000	13.50000	2.50	1.000
4.66200	0.65860	0.75470	8.00000	14.00000	2.50	1.000
4.63100	0.64940	0.78400	8.50000	14.00000	2.50	1.000
4.64200	0.65420	0.77770	9.00000	14.00000	2.50	1.000
5.04500	0.67270	0.27080	9.50000	14.00000	2.50	1.000
5.06900	0.67570	0.23780	10.00000	14.00000	2.50	1.000
5.06600	0.67770	0.24280	10.50000	14.00000	2.50	1.000
0.26130	0.55020	1.46800	11.00000	14.00000	2.50	1.000
0.26640	0.54780	1.46700	11.50000	14.00000	2.50	1.000
0.26830	0.55400	1.47500	12.00000	14.00000	2.50	1.000
0.27920	0.55650	1.46900	12.50000	14.00000	2.50	1.000
0.28170	0.54590	1.47000	13.00000	14.00000	2.50	1.000
4.64900	0.65140	0.76180	8.00000	14.50000	2.50	1.000
4.62800	0.66490	0.77940	8.50000	14.50000	2.50	1.000
5.04000	0.65960	0.26370	9.00000	14.50000	2.50	1.000
5.05000	0.67350	0.25500	9.50000	14.50000	2.50	1.000
5.05800	0.67510	0.24720	10.00000	14.50000	2.50	1.000
5.06800	0.67900	0.23320	10.50000	14.50000	2.50	1.000
5.06300	0.68330	0.24390	11.00000	14.50000	2.50	1.000
0.26640	0.54780	1.46700	11.50000	14.50000	2.50	1.000
0.27820	0.54300	1.45600	12.00000	14.50000	2.50	1.000
0.27040	0.55270	1.47300	12.50000	14.50000	2.50	1.000
0.27820	0.55100	1.46800	13.00000	14.50000	2.50	1.000
4.64400	0.65120	0.76240	8.00000	15.00000	2.50	1.000
4.67200	0.65320	0.74150	8.50000	15.00000	2.50	1.000
5.04800	0.67310	0.26550	9.00000	15.00000	2.50	1.000
5.06700	0.67320	0.24170	9.50000	15.00000	2.50	1.000
5.07000	0.67580	0.24140	10.00000	15.00000	2.50	1.000
5.06900	0.67940	0.23710	10.50000	15.00000	2.50	1.000
5.07400	0.68740	0.22580	11.00000	15.00000	2.50	1.000
5.08200	0.69720	0.22230	11.50000	15.00000	2.50	1.000
5.07000	0.69030	0.24860	12.00000	15.00000	2.50	1.000
0.32110	0.54490	1.41400	12.50000	15.00000	2.50	1.000
0.28090	0.55300	1.46700	13.00000	15.00000	2.50	1.000
