2.91624	2.74160	4.59395	6.00000	6.00000	7.40	60.000
3.03484	1.16058	1.52112	6.10000	6.00000	7.40	60.400
2.86206	2.71619	4.56731	6.20000	6.00000	7.40	60.700
2.87970	2.70883	4.58623	6.30000	6.00000	7.40	67.100
2.87262	2.71123	4.58868	6.40000	6.00000	7.40	72.000
2.86477	2.71325	4.58101	6.50000	6.00000	7.40	75.400
4.56479	1.62083	2.71099	6.60000	6.00000	7.40	68.000
2.86937	2.71375	4.58646	6.70000	6.00000	7.40	73.200
2.87249	2.71285	4.59174	6.80000	6.00000	7.40	63.600
2.87209	2.71296	4.59173	6.90000	6.00000	7.40	67.400
2.86683	2.71247	4.58412	7.00000	6.00000	7.40	70.000
2.86160	2.71378	4.58682	7.10000	6.00000	7.40	65.700
2.86302	2.71284	4.58933	7.20000	6.00000	7.40	69.700
3.00766	1.14498	1.51242	7.30000	6.00000	7.40	62.800
3.01635	1.13681	1.50790	7.40000	6.00000	7.40	59.100
4.58549	1.59474	2.77069	7.50000	6.00000	7.40	62.100
4.59010	1.59337	2.76783	7.60000	6.00000	7.40	68.300
4.58983	1.59227	2.76676	7.70000	6.00000	7.40	71.200
4.59532	1.59683	2.76684	7.80000	6.00000	7.40	73.100
4.58076	1.59053	2.76918	7.90000	6.00000	7.40	69.500
4.59149	1.59607	2.76940	8.00000	6.00000	7.40	74.400
4.59283	1.60037	2.77112	8.10000	6.00000	7.40	70.200
4.59146	1.59599	2.76937	8.20000	6.00000	7.40	73.200
4.59217	1.60113	2.77109	8.30000	6.00000	7.40	71.100
4.59063	1.59294	2.76433	8.40000	6.00000	7.40	71.500
4.58475	1.59988	2.75993	8.50000	6.00000	7.40	69.800
4.57724	1.60180	2.75000	8.60000	6.00000	7.40	71.400
2.95945	2.74645	4.65896	8.70000	6.00000	7.40	77.300
2.96646	2.74587	4.66778	8.80000	6.00000	7.40	80.200
4.57804	1.58830	2.74752	8.90000	6.00000	7.40	77.700
4.58297	1.59048	2.74493	9.00000	6.00000	7.40	83.000
4.57664	1.59513	2.74447	9.10000	6.00000	7.40	77.100
4.57664	1.59513	2.74447	9.20000	6.00000	7.40	75.400
4.57434	1.59458	2.74102	9.30000	6.00000	7.40	77.600
4.57363	1.59329	2.74024	9.40000	6.00000	7.40	75.000
2.89389	2.72704	4.62145	9.50000	6.00000	7.40	74.400
2.92253	2.72796	4.64825	9.60000	6.00000	7.40	74.400
2.92596	2.72560	4.64622	9.70000	6.00000	7.40	72.300
2.90411	2.72764	4.62686	9.80000	6.00000	7.40	70.900
2.89848	2.73234	4.62546	9.90000	6.00000	7.40	72.000
2.93012	2.72765	4.65083	10.00000	6.00000	7.40	73.600
4.58784	1.61821	2.75161	6.00000	6.10000	7.40	64.000
2.91713	2.74991	4.59990	6.10000	6.10000	7.40	63.600
2.88963	2.72586	4.58299	6.20000	6.10000	7.40	56.700
2.86162	2.72215	4.57906	6.30000	6.10000	7.40	63.800
2.85976	2.71440	4.58401	6.40000	6.10000	7.40	71.300
2.86620	2.71667	4.57860	6.50000	6.10000	7.40	71.900
2.87028	2.71426	4.57904	6.60000	6.10000	7.40	74.000
4.56158	1.62614	2.71619	6.70000	6.10000	7.40	76.300
4.55816	1.62210	2.72387	6.80000	6.10000	7.40	72.300
2.86893	2.70492	4.58529	6.90000	6.10000	7.40	72.100
2.86554	2.71466	4.59317	7.00000	6.10000	7.40	75.700
2.85480	2.71009	4.57592	7.10000	6.10000	7.40	65.600
3.01098	1.14667	1.51086	7.20000	6.10000	7.40	64.700
1.43357	1.52717	5.13480	7.30000	6.10000	7.40	55.900
6.05114	0.41025	3.25662	7.40000	6.10000	7.40	55.900
4.58972	1.60175	2.77849	7.50000	6.10000	7.40	62.900
4.59192	1.60046	2.77058	7.60000	6.10000	7.40	72.900
4.59098	1.59655	2.77111	7.70000	6.10000	7.40	70.600
4.58329	1.58914	2.76930	7.80000	6.10000	7.40	74.400
4.59275	1.59853	2.77040	7.90000	6.10000	7.40	72.200
4.58674	1.59346	2.77271	8.00000	6.10000	7.40	76.800
4.59071	1.59641	2.76913	8.10000	6.10000	7.40	71.800
4.58979	1.59218	2.76671	8.20000	6.10000	7.40	72.000
4.59286	1.60046	2.77116	8.30000	6.10000	7.40	75.900
4.58888	1.59980	2.76632	8.40000	6.10000	7.40	77.400
4.58290	1.59768	2.76054	8.50000	6.10000	7.40	67.400
4.57834	1.59991	2.75244	8.60000	6.10000	7.40	70.600
2.95698	2.74080	4.65977	8.70000	6.10000	7.40	84.200
4.57804	1.58830	2.74752	8.80000	6.10000	7.40	80.300
4.57198	1.59714	2.74558	8.90000	6.10000	7.40	78.800
4.57664	1.59513	2.74447	9.00000	6.10000	7.40	76.800
4.57664	1.59513	2.74447	9.10000	6.10000	7.40	79.500
4.57577	1.59208	2.74405	9.20000	6.10000	7.40	81.100
2.95687	2.73790	4.66168	9.30000	6.10000	7.40	79.000
4.56082	1.59911	2.74517	9.40000	6.10000	7.40	66.200
2.90605	2.73295	4.63441	9.50000	6.10000	7.40	72.400
2.90434	2.72772	4.62705	9.60000	6.10000	7.40	77.000
2.91856	2.72859	4.64321	9.70000	6.10000	7.40	70.600
2.92609	2.72563	4.64634	9.80000	6.10000	7.40	73.700
2.92469	2.73056	4.65273	9.90000	6.10000	7.40	67.600
2.91266	2.72873	4.63779	10.00000	6.10000	7.40	71.100
4.59246	1.62018	2.74560	6.00000	6.20000	7.40	69.100
4.59386	1.61800	2.74753	6.10000	6.20000	7.40	66.100
4.59343	1.62003	2.74466	6.20000	6.20000	7.40	54.100
6.02047	0.41067	3.27605	6.30000	6.20000	7.40	56.000
2.87642	2.72252	4.58755	6.40000	6.20000	7.40	65.600
4.55801	1.62728	2.72320	6.50000	6.20000	7.40	69.800
2.86303	2.71866	4.57534	6.60000	6.20000	7.40	71.000
2.86545	2.71962	4.57598	6.70000	6.20000	7.40	70.200
4.56326	1.62711	2.71883	6.80000	6.20000	7.40	69.200
2.86140	2.70973	4.58184	6.90000	6.20000	7.40	71.300
3.00133	1.14692	1.51280	7.00000	6.20000	7.40	69.500
3.00744	1.14607	1.50801	7.10000	6.20000	7.40	59.500
3.01927	1.15179	1.51338	7.20000	6.20000	7.40	60.100
3.01578	1.16438	1.53555	7.30000	6.20000	7.40	58.500
4.59241	1.60468	2.77376	7.40000	6.20000	7.40	77.200
4.59241	1.60468	2.77376	7.50000	6.20000	7.40	62.400
4.58729	1.60029	2.77554	7.60000	6.20000	7.40	69.200
4.58925	1.59405	2.76673	7.70000	6.20000	7.40	64.600
4.59149	1.59607	2.76940	7.80000	6.20000	7.40	67.600
4.59380	1.59963	2.76928	7.90000	6.20000	7.40	75.600
4.58928	1.59863	2.77416	8.00000	6.20000	7.40	74.700
4.59086	1.59910	2.76898	8.10000	6.20000	7.40	74.200
4.59062	1.59294	2.76432	8.20000	6.20000	7.40	75.500
4.58923	1.60068	2.76693	8.30000	6.20000	7.40	75.800
4.59403	1.59515	2.76526	8.40000	6.20000	7.40	74.100
4.58751	1.59335	2.76379	8.50000	6.20000	7.40	73.800
4.58041	1.59831	2.75374	8.60000	6.20000	7.40	71.500
4.57502	1.59314	2.75103	8.70000	6.20000	7.40	78.000
4.57664	1.59513	2.74447	8.80000	6.20000	7.40	80.600
2.95862	2.74048	4.65942	8.90000	6.20000	7.40	77.600
2.95946	2.74642	4.65900	9.00000	6.20000	7.40	80.600
4.57522	1.59238	2.74357	9.10000	6.20000	7.40	80.500
2.95012	2.74250	4.65129	9.20000	6.20000	7.40	80.900
2.95698	2.74080	4.65977	9.30000	6.20000	7.40	84.800
2.93379	2.73269	4.65244	9.40000	6.20000	7.40	71.900
2.91063	2.73069	4.63580	9.50000	6.20000	7.40	74.800
2.89776	2.73022	4.61899	9.60000	6.20000	7.40	72.200
2.88446	2.73200	4.61500	9.70000	6.20000	7.40	76.300
2.91710	2.72345	4.64692	9.80000	6.20000	7.40	72.800
2.91609	2.72983	4.64447	9.90000	6.20000	7.40	71.500
2.92789	2.72371	4.64523	10.00000	6.20000	7.40	68.600
4.60496	1.61824	2.74505	6.00000	6.30000	7.40	69.400
4.59629	1.62023	2.74813	6.10000	6.30000	7.40	63.800
2.95126	2.73963	4.61926	6.20000	6.30000	7.40	57.200
3.01464	1.15253	1.50105	6.30000	6.30000	7.40	73.600
3.01464	1.15253	1.50105	6.40000	6.30000	7.40	54.300
2.86822	2.72197	4.57870	6.50000	6.30000	7.40	65.400
2.86440	2.71335	4.56769	6.60000	6.30000	7.40	67.700
4.56301	1.63209	2.71896	6.70000	6.30000	7.40	74.600
2.86248	2.71842	4.57487	6.80000	6.30000	7.40	69.000
2.87368	2.71460	4.58373	6.90000	6.30000	7.40	69.000
3.01907	1.14916	1.50887	7.00000	6.30000	7.40	66.200
3.01248	1.15849	1.52359	7.10000	6.30000	7.40	61.400
2.92024	2.73357	4.62436	7.20000	6.30000	7.40	61.900
2.91337	2.73163	4.61533	7.30000	6.30000	7.40	61.000
6.06649	0.40988	3.23763	7.40000	6.30000	7.40	57.700
4.60089	1.60376	2.76423	7.50000	6.30000	7.40	69.100
4.59568	1.60077	2.76363	7.60000	6.30000	7.40	67.500
4.59397	1.59708	2.76855	7.70000	6.30000	7.40	64.500
4.58689	1.59742	2.77435	7.80000	6.30000	7.40	63.400
4.59698	1.59788	2.76654	7.90000	6.30000	7.40	66.900
4.59190	1.60044	2.77055	8.00000	6.30000	7.40	71.800
4.58726	1.59469	2.76404	8.10000	6.30000	7.40	75.500
4.59379	1.59573	2.76681	8.20000	6.30000	7.40	76.400
4.59438	1.59995	2.76975	8.30000	6.30000	7.40	77.300
4.58883	1.59966	2.76624	8.40000	6.30000	7.40	77.200
4.58463	1.59027	2.75470	8.50000	6.30000	7.40	75.000
4.57950	1.59564	2.75354	8.60000	6.30000	7.40	72.800
4.58222	1.58953	2.74591	8.70000	6.30000	7.40	79.100
2.95780	2.74362	4.65978	8.80000	6.30000	7.40	85.400
2.95688	2.74082	4.65964	8.90000	6.30000	7.40	80.300
2.94932	2.74008	4.64960	9.00000	6.30000	7.40	80.800
4.58064	1.59566	2.74339	9.10000	6.30000	7.40	74.800
4.57652	1.59178	2.74542	9.20000	6.30000	7.40	81.300
4.57264	1.59143	2.73971	9.30000	6.30000	7.40	82.600
2.94444	2.73692	4.66121	9.40000	6.30000	7.40	73.600
2.90861	2.72667	4.63555	9.50000	6.30000	7.40	78.100
2.88571	2.73269	4.61105	9.60000	6.30000	7.40	76.600
2.93956	2.72684	4.66335	9.70000	6.30000	7.40	74.600
2.92846	2.72324	4.65160	9.80000	6.30000	7.40	70.100
2.90732	2.72290	4.62937	9.90000	6.30000	7.40	66.200
4.55186	1.60803	2.72992	10.00000	6.30000	7.40	55.700
4.59694	1.62270	2.74422	6.00000	6.40000	7.40	72.700
4.60656	1.60474	2.73362	6.10000	6.40000	7.40	66.400
4.60843	1.59069	2.75076	6.20000	6.40000	7.40	61.900
4.60641	1.58953	2.76148	6.30000	6.40000	7.40	64.900
6.06742	0.40762	3.24980	6.40000	6.40000	7.40	50.000
2.85823	2.71519	4.56064	6.50000	6.40000	7.40	50.700
3.02336	1.14936	1.50554	6.60000	6.40000	7.40	55.600
2.86540	2.71962	4.57594	6.70000	6.40000	7.40	60.100
2.86581	2.71974	4.57633	6.80000	6.40000	7.40	72.700
2.86538	2.71963	4.57590	6.90000	6.40000	7.40	66.000
3.02254	1.15810	1.51543	7.00000	6.40000	7.40	66.800
2.89904	2.73484	4.60694	7.10000	6.40000	7.40	58.900
4.57448	1.60954	2.73287	7.20000	6.40000	7.40	65.800
2.91291	2.73049	4.61666	7.30000	6.40000	7.40	66.800
3.02723	1.16797	1.53341	7.40000	6.40000	7.40	56.000
2.92495	2.76203	4.60287	7.50000	6.40000	7.40	57.800
6.19682	1.93834	0.02988	7.60000	6.40000	7.40	62.400
6.19859	1.94608	0.03379	7.70000	6.40000	7.40	57.200
4.59205	1.60417	2.77301	7.80000	6.40000	7.40	57.900
4.60176	1.59911	2.77084	7.90000	6.40000	7.40	63.700
4.58405	1.59344	2.77175	8.00000	6.40000	7.40	68.500
4.59190	1.60044	2.77055	8.10000	6.40000	7.40	72.900
4.58309	1.59228	2.76977	8.20000	6.40000	7.40	75.800
4.59355	1.59671	2.76876	8.30000	6.40000	7.40	80.400
4.59023	1.59741	2.76686	8.40000	6.40000	7.40	78.200
4.58298	1.59699	2.75845	8.50000	6.40000	7.40	75.700
4.57864	1.59701	2.75214	8.60000	6.40000	7.40	72.900
4.57907	1.59181	2.74808	8.70000	6.40000	7.40	79.000
4.57261	1.59650	2.74745	8.80000	6.40000	7.40	79.000
4.57804	1.58830	2.74752	8.90000	6.40000	7.40	76.400
4.57395	1.59433	2.74101	9.00000	6.40000	7.40	81.300
4.57796	1.58846	2.74738	9.10000	6.40000	7.40	82.100
4.57664	1.59513	2.74447	9.20000	6.40000	7.40	81.000
2.95699	2.73949	4.66162	9.30000	6.40000	7.40	79.100
2.93948	2.73458	4.65750	9.40000	6.40000	7.40	71.600
2.90711	2.73631	4.64089	9.50000	6.40000	7.40	74.300
2.90968	2.72710	4.62892	9.60000	6.40000	7.40	75.900
4.55646	1.59691	2.72952	9.70000	6.40000	7.40	73.600
2.91100	2.72786	4.63600	9.80000	6.40000	7.40	67.400
4.56243	1.60909	2.73436	9.90000	6.40000	7.40	58.200
6.09472	0.39918	3.21221	10.00000	6.40000	7.40	57.200
4.60072	1.61320	2.73253	6.00000	6.50000	7.40	75.000
4.61050	1.60407	2.74873	6.10000	6.50000	7.40	66.500
4.60826	1.59550	2.76122	6.20000	6.50000	7.40	64.300
4.60639	1.60615	2.76026	6.30000	6.50000	7.40	61.200
4.61182	1.59163	2.76518	6.40000	6.50000	7.40	60.700
2.96136	2.75402	4.64885	6.50000	6.50000	7.40	62.700
2.89369	2.73906	4.59043	6.60000	6.50000	7.40	52.300
6.00537	0.41557	3.28371	6.70000	6.50000	7.40	54.000
3.00821	1.15840	1.51656	6.80000	6.50000	7.40	64.500
3.02119	1.15255	1.51005	6.90000	6.50000	7.40	63.700
2.88787	2.72656	4.58970	7.00000	6.50000	7.40	58.600
2.89719	2.73633	4.60490	7.10000	6.50000	7.40	65.400
2.89741	2.73402	4.60305	7.20000	6.50000	7.40	67.500
2.90514	2.73426	4.61163	7.30000	6.50000	7.40	64.800
4.57339	1.62080	2.73414	7.40000	6.50000	7.40	55.500
3.02362	2.79610	4.67162	7.50000	6.50000	7.40	60.900
4.63187	1.58551	2.78952	7.60000	6.50000	7.40	61.800
4.64017	1.59117	2.79071	7.70000	6.50000	7.40	56.500
6.14590	0.35190	3.20407	7.80000	6.50000	7.40	57.800
6.18801	1.94595	0.03377	7.90000	6.50000	7.40	60.700
4.59187	1.60148	2.76991	8.00000	6.50000	7.40	70.500
4.59031	1.59548	2.76834	8.10000	6.50000	7.40	71.600
4.59151	1.59611	2.76943	8.20000	6.50000	7.40	75.200
4.58884	1.59545	2.76565	8.30000	6.50000	7.40	75.500
4.59383	1.59972	2.76931	8.40000	6.50000	7.40	76.900
4.58619	1.59324	2.76242	8.50000	6.50000	7.40	77.200
4.57950	1.59564	2.75354	8.60000	6.50000	7.40	74.700
2.96819	2.74516	4.66917	8.70000	6.50000	7.40	79.700
2.95012	2.74250	4.65129	8.80000	6.50000	7.40	77.000
2.95698	2.74080	4.65977	8.90000	6.50000	7.40	76.500
4.56949	1.59509	2.74426	9.00000	6.50000	7.40	78.100
4.57522	1.59238	2.74357	9.10000	6.50000	7.40	85.200
4.57199	1.59711	2.74560	9.20000	6.50000	7.40	78.000
4.57433	1.59462	2.74101	9.30000	6.50000	7.40	77.300
2.91227	2.72856	4.63494	9.40000	6.50000	7.40	70.800
2.90657	2.72948	4.62978	9.50000	6.50000	7.40	76.500
2.90443	2.73306	4.63678	9.60000	6.50000	7.40	73.400
2.91592	2.72643	4.63664	9.70000	6.50000	7.40	75.400
2.90225	2.72673	4.62209	9.80000	6.50000	7.40	62.900
2.90225	2.72673	4.62209	9.90000	6.50000	7.40	66.300
4.58835	1.59788	2.76241	10.00000	6.50000	7.40	58.000
4.59005	1.61363	2.74672	6.00000	6.60000	7.40	63.900
4.60782	1.59822	2.75496	6.10000	6.60000	7.40	64.900
4.60610	1.59953	2.75269	6.20000	6.60000	7.40	68.200
4.60036	1.59189	2.76287	6.30000	6.60000	7.40	64.500
4.61175	1.59066	2.75956	6.40000	6.60000	7.40	64.100
4.60656	1.59039	2.76287	6.50000	6.60000	7.40	62.600
4.60025	1.59589	2.76385	6.60000	6.60000	7.40	56.200
6.12388	0.37842	3.19739	6.70000	6.60000	7.40	56.900
6.02417	0.39766	3.26822	6.80000	6.60000	7.40	55.100
2.88817	2.74178	4.58809	6.90000	6.60000	7.40	56.500
3.02429	1.16535	1.52110	7.00000	6.60000	7.40	63.600
2.92377	2.73518	4.62666	7.10000	6.60000	7.40	67.600
2.92494	2.73633	4.62640	7.20000	6.60000	7.40	72.400
2.92946	2.73380	4.63364	7.30000	6.60000	7.40	73.100
2.91845	2.72762	4.61376	7.40000	6.60000	7.40	56.000
4.63628	1.58607	2.80370	7.50000	6.60000	7.40	64.800
4.63477	1.57934	2.79930	7.60000	6.60000	7.40	63.800
4.64493	1.57461	2.79275	7.70000	6.60000	7.40	66.600
4.64299	1.57861	2.79211	7.80000	6.60000	7.40	61.600
4.65017	1.58473	2.78981	7.90000	6.60000	7.40	62.100
4.58823	1.61077	2.77035	8.00000	6.60000	7.40	62.400
4.58689	1.59733	2.77434	8.10000	6.60000	7.40	64.400
4.59722	1.59789	2.77190	8.20000	6.60000	7.40	74.400
4.59029	1.59540	2.76831	8.30000	6.60000	7.40	75.100
4.58775	1.59822	2.76460	8.40000	6.60000	7.40	76.500
4.59066	1.59298	2.76438	8.50000	6.60000	7.40	80.800
4.58302	1.59721	2.75278	8.60000	6.60000	7.40	72.700
2.95937	2.74640	4.65891	8.70000	6.60000	7.40	77.800
2.94991	2.73913	4.65388	8.80000	6.60000	7.40	78.200
4.57664	1.59513	2.74447	8.90000	6.60000	7.40	79.900
2.95012	2.74250	4.65129	9.00000	6.60000	7.40	76.800
4.58064	1.59566	2.74339	9.10000	6.60000	7.40	81.700
4.56950	1.59506	2.74428	9.20000	6.60000	7.40	80.700
2.95550	2.74184	4.66185	9.30000	6.60000	7.40	78.500
2.93292	2.73307	4.65095	9.40000	6.60000	7.40	70.100
2.90602	2.73291	4.63440	9.50000	6.60000	7.40	70.800
2.90886	2.72316	4.63863	9.60000	6.60000	7.40	78.900
2.94084	2.72884	4.66281	9.70000	6.60000	7.40	75.400
2.99905	1.14457	1.52924	9.80000	6.60000	7.40	56.600
4.59571	1.59255	2.75968	9.90000	6.60000	7.40	54.400
4.58931	1.59370	2.76293	10.00000	6.60000	7.40	63.600
4.59635	1.60792	2.75086	6.00000	6.70000	7.40	65.100
4.60692	1.59815	2.75370	6.10000	6.70000	7.40	62.100
4.59649	1.60392	2.76246	6.20000	6.70000	7.40	68.100
4.59636	1.59436	2.76426	6.30000	6.70000	7.40	69.000
4.60195	1.59922	2.75258	6.40000	6.70000	7.40	69.900
4.60242	1.59814	2.76243	6.50000	6.70000	7.40	65.700
4.59557	1.60134	2.75482	6.60000	6.70000	7.40	63.000
2.94300	2.75750	4.62094	6.70000	6.70000	7.40	57.800
2.94819	2.75215	4.62979	6.80000	6.70000	7.40	56.900
2.93239	2.74398	4.63025	6.90000	6.70000	7.40	60.000
4.57538	1.61293	2.73981	7.00000	6.70000	7.40	65.400
4.57257	1.61028	2.73830	7.10000	6.70000	7.40	68.500
4.57043	1.60297	2.73662	7.20000	6.70000	7.40	70.500
4.57044	1.60313	2.73664	7.30000	6.70000	7.40	70.500
4.63535	1.56819	2.81048	7.40000	6.70000	7.40	60.100
4.63682	1.57648	2.80020	7.50000	6.70000	7.40	68.300
4.63587	1.58289	2.79878	7.60000	6.70000	7.40	70.200
4.64348	1.57755	2.78955	7.70000	6.70000	7.40	77.000
4.63976	1.58429	2.78755	7.80000	6.70000	7.40	69.000
4.64061	1.58619	2.78944	7.90000	6.70000	7.40	61.100
4.64079	1.58893	2.78727	8.00000	6.70000	7.40	57.600
4.59488	1.60146	2.76179	8.10000	6.70000	7.40	72.800
4.59194	1.60062	2.77062	8.20000	6.70000	7.40	67.300
4.59030	1.59553	2.76833	8.30000	6.70000	7.40	71.500
4.58727	1.59472	2.76405	8.40000	6.70000	7.40	77.500
4.58692	1.59068	2.76270	8.50000	6.70000	7.40	76.900
4.58123	1.59958	2.75490	8.60000	6.70000	7.40	73.600
4.58023	1.59997	2.75390	8.70000	6.70000	7.40	71.800
2.95012	2.74250	4.65129	8.80000	6.70000	7.40	81.600
4.57911	1.59158	2.74276	8.90000	6.70000	7.40	79.200
4.57954	1.59277	2.74232	9.00000	6.70000	7.40	80.700
4.57522	1.59238	2.74357	9.10000	6.70000	7.40	79.600
2.95691	2.74078	4.65970	9.20000	6.70000	7.40	81.400
2.94950	2.73963	4.65262	9.30000	6.70000	7.40	82.400
2.92520	2.73226	4.64628	9.40000	6.70000	7.40	72.700
2.91170	2.72912	4.64153	9.50000	6.70000	7.40	72.200
2.92039	2.72678	4.64671	9.60000	6.70000	7.40	70.100
2.92023	2.73085	4.64702	9.70000	6.70000	7.40	65.800
2.90871	2.73012	4.61021	9.80000	6.70000	7.40	60.000
4.58931	1.59417	2.76044	9.90000	6.70000	7.40	65.000
6.16612	0.36112	3.18345	10.00000	6.70000	7.40	70.000
4.60462	1.60788	2.74925	6.00000	6.80000	7.40	62.100
4.59504	1.60491	2.75912	6.10000	6.80000	7.40	67.700
4.59747	1.59891	2.75657	6.20000	6.80000	7.40	72.500
4.60267	1.59746	2.75888	6.30000	6.80000	7.40	71.800
4.58862	1.59884	2.76356	6.40000	6.80000	7.40	67.600
4.59385	1.59891	2.76572	6.50000	6.80000	7.40	75.300
4.60707	1.59491	2.75741	6.60000	6.80000	7.40	70.400
4.59595	1.59622	2.75913	6.70000	6.80000	7.40	64.200
4.59074	1.60276	2.75004	6.80000	6.80000	7.40	62.900
4.58276	1.60502	2.76100	6.90000	6.80000	7.40	61.700
4.57723	1.61780	2.74966	7.00000	6.80000	7.40	66.600
4.57694	1.60249	2.74463	7.10000	6.80000	7.40	68.000
4.57213	1.60532	2.73750	7.20000	6.80000	7.40	74.000
4.57152	1.60532	2.73057	7.30000	6.80000	7.40	70.900
4.63066	1.57634	2.80793	7.40000	6.80000	7.40	62.100
4.63953	1.57735	2.79828	7.50000	6.80000	7.40	71.900
4.63780	1.58013	2.80052	7.60000	6.80000	7.40	78.300
4.63862	1.58551	2.79693	7.70000	6.80000	7.40	69.900
4.63983	1.57916	2.80003	7.80000	6.80000	7.40	71.800
4.64025	1.58435	2.79437	7.90000	6.80000	7.40	70.900
4.64064	1.58662	2.79211	8.00000	6.80000	7.40	68.200
6.16810	0.35324	3.19251	8.10000	6.80000	7.40	55.500
4.60323	1.60107	2.76768	8.20000	6.80000	7.40	71.100
4.59190	1.60044	2.77055	8.30000	6.80000	7.40	68.400
4.59594	1.59106	2.76764	8.40000	6.80000	7.40	75.000
4.58868	1.59308	2.76493	8.50000	6.80000	7.40	72.000
4.58139	1.60067	2.75672	8.60000	6.80000	7.40	69.300
4.58024	1.59997	2.75392	8.70000	6.80000	7.40	73.700
2.95691	2.74079	4.65970	8.80000	6.80000	7.40	82.300
4.57664	1.59513	2.74447	8.90000	6.80000	7.40	81.200
2.95921	2.74170	4.65940	9.00000	6.80000	7.40	79.600
2.95695	2.74083	4.65971	9.10000	6.80000	7.40	74.100
4.57664	1.59513	2.74447	9.20000	6.80000	7.40	78.100
4.57120	1.59527	2.74191	9.30000	6.80000	7.40	81.600
2.92324	2.74096	4.64261	9.40000	6.80000	7.40	71.100
2.92851	2.73027	4.64731	9.50000	6.80000	7.40	70.300
2.93883	2.72518	4.66019	9.60000	6.80000	7.40	72.000
2.90321	2.72887	4.62460	9.70000	6.80000	7.40	60.200
6.09503	0.37366	3.22420	9.80000	6.80000	7.40	57.900
4.59130	1.59732	2.76938	9.90000	6.80000	7.40	61.800
6.16612	0.36112	3.18345	10.00000	6.80000	7.40	59.700
4.60404	1.60169	2.75314	6.00000	6.90000	7.40	70.000
4.60850	1.59498	2.75585	6.10000	6.90000	7.40	69.400
4.59549	1.59875	2.75654	6.20000	6.90000	7.40	76.200
4.59929	1.59903	2.76110	6.30000	6.90000	7.40	77.700
4.59870	1.59695	2.76456	6.40000	6.90000	7.40	74.800
4.59326	1.59990	2.76032	6.50000	6.90000	7.40	72.500
4.59510	1.60620	2.75968	6.60000	6.90000	7.40	71.900
4.58827	1.60611	2.75992	6.70000	6.90000	7.40	72.800
4.58536	1.60751	2.76219	6.80000	6.90000	7.40	72.300
4.58368	1.60477	2.75959	6.90000	6.90000	7.40	72.800
4.58013	1.61086	2.75004	7.00000	6.90000	7.40	69.000
4.57658	1.61086	2.75014	7.10000	6.90000	7.40	66.100
4.57588	1.59988	2.74446	7.20000	6.90000	7.40	77.200
2.91164	2.73509	4.61746	7.30000	6.90000	7.40	65.100
4.64113	1.57491	2.80590	7.40000	6.90000	7.40	63.600
4.63459	1.58045	2.80389	7.50000	6.90000	7.40	75.000
4.63426	1.58339	2.80670	7.60000	6.90000	7.40	74.500
4.63593	1.58082	2.80448	7.70000	6.90000	7.40	78.000
4.63759	1.58266	2.79888	7.80000	6.90000	7.40	73.300
4.63495	1.58121	2.80402	7.90000	6.90000	7.40	75.300
4.63585	1.58417	2.79280	8.00000	6.90000	7.40	72.000
4.64208	1.58689	2.79198	8.10000	6.90000	7.40	64.900
6.20517	1.92855	0.02982	8.20000	6.90000	7.40	56.700
2.96276	2.77056	4.63508	8.30000	6.90000	7.40	64.300
4.59192	1.60046	2.77058	8.40000	6.90000	7.40	67.100
4.59020	1.59981	2.76740	8.50000	6.90000	7.40	72.900
4.59351	1.59230	2.75366	8.60000	6.90000	7.40	74.200
2.97513	2.74329	4.67026	8.70000	6.90000	7.40	78.500
4.57664	1.59513	2.74447	8.80000	6.90000	7.40	79.300
2.95691	2.74079	4.65970	8.90000	6.90000	7.40	80.100
4.57523	1.59242	2.74359	9.00000	6.90000	7.40	80.500
4.56993	1.59246	2.74490	9.10000	6.90000	7.40	78.100
4.57664	1.59513	2.74447	9.20000	6.90000	7.40	79.400
2.95694	2.73790	4.66175	9.30000	6.90000	7.40	79.100
4.56891	1.59767	2.74220	9.40000	6.90000	7.40	69.800
2.90517	2.72611	4.63112	9.50000	6.90000	7.40	71.900
2.89170	2.72849	4.61776	9.60000	6.90000	7.40	65.400
6.15020	1.98232	0.05378	9.70000	6.90000	7.40	53.000
4.58940	1.60173	2.76895	9.80000	6.90000	7.40	60.900
4.59569	1.59642	2.76805	9.90000	6.90000	7.40	62.000
3.02630	2.78762	4.68831	10.00000	6.90000	7.40	63.700
4.60373	1.60202	2.75340	6.00000	7.00000	7.40	70.900
4.60214	1.60012	2.76236	6.10000	7.00000	7.40	72.500
4.59685	1.59714	2.76196	6.20000	7.00000	7.40	73.900
4.59239	1.59554	2.76492	6.30000	7.00000	7.40	80.800
4.59449	1.59593	2.76226	6.40000	7.00000	7.40	75.100
4.60376	1.59437	2.75777	6.50000	7.00000	7.40	72.700
4.60265	1.59585	2.75883	6.60000	7.00000	7.40	72.700
4.58535	1.60748	2.76217	6.70000	7.00000	7.40	74.900
4.59271	1.60035	2.75523	6.80000	7.00000	7.40	74.100
4.57983	1.60767	2.75336	6.90000	7.00000	7.40	78.100
4.58707	1.60686	2.75985	7.00000	7.00000	7.40	68.700
4.57489	1.61231	2.74869	7.10000	7.00000	7.40	68.600
4.57912	1.60928	2.74888	7.20000	7.00000	7.40	68.400
2.92493	2.72808	4.62805	7.30000	7.00000	7.40	62.100
4.64121	1.56780	2.80723	7.40000	7.00000	7.40	65.700
4.63510	1.57943	2.80350	7.50000	7.00000	7.40	73.000
4.63056	1.58603	2.80564	7.60000	7.00000	7.40	74.900
4.64335	1.57814	2.79675	7.70000	7.00000	7.40	76.800
4.64080	1.57908	2.80042	7.80000	7.00000	7.40	71.000
4.63745	1.58007	2.80076	7.90000	7.00000	7.40	73.700
4.64445	1.58480	2.79507	8.00000	7.00000	7.40	70.300
4.64651	1.57650	2.79038	8.10000	7.00000	7.40	73.200
4.63452	1.59241	2.79127	8.20000	7.00000	7.40	62.000
6.20509	1.92865	0.02978	8.30000	7.00000	7.40	63.000
4.59887	1.60064	2.77084	8.40000	7.00000	7.40	58.000
4.59376	1.59897	2.76464	8.50000	7.00000	7.40	71.000
4.58296	1.59506	2.76212	8.60000	7.00000	7.40	72.100
4.57835	1.59986	2.75245	8.70000	7.00000	7.40	72.700
4.57804	1.58830	2.74752	8.80000	7.00000	7.40	78.500
2.95012	2.74250	4.65129	8.90000	7.00000	7.40	80.000
4.57522	1.59238	2.74357	9.00000	7.00000	7.40	78.400
4.57664	1.59516	2.74446	9.10000	7.00000	7.40	78.800
4.57523	1.59242	2.74359	9.20000	7.00000	7.40	80.600
4.57524	1.59239	2.74359	9.30000	7.00000	7.40	78.000
2.96377	2.74071	4.66815	9.40000	7.00000	7.40	74.900
2.90810	2.72939	4.62979	9.50000	7.00000	7.40	71.400
2.90118	2.72375	4.62218	9.60000	7.00000	7.40	61.200
2.95308	2.76232	4.63510	9.70000	7.00000	7.40	53.500
4.59442	1.60265	2.77055	9.80000	7.00000	7.40	63.600
6.14363	0.36998	3.19461	9.90000	7.00000	7.40	55.600
4.62706	1.58262	2.78995	10.00000	7.00000	7.40	61.800
4.60428	1.59624	2.76044	6.00000	7.10000	7.40	75.300
4.59418	1.60619	2.75862	6.10000	7.10000	7.40	74.600
4.60017	1.60145	2.75935	6.20000	7.10000	7.40	76.600
4.60023	1.60132	2.75944	6.30000	7.10000	7.40	75.100
4.59842	1.59806	2.75781	6.40000	7.10000	7.40	77.300
4.58863	1.59877	2.76357	6.50000	7.10000	7.40	74.700
4.59858	1.60156	2.76177	6.60000	7.10000	7.40	69.700
4.58390	1.60715	2.76040	6.70000	7.10000	7.40	77.600
4.58397	1.60729	2.76049	6.80000	7.10000	7.40	76.600
4.58396	1.60710	2.76047	6.90000	7.10000	7.40	76.200
4.58352	1.60882	2.75845	7.00000	7.10000	7.40	74.000
4.58033	1.61507	2.75409	7.10000	7.10000	7.40	72.700
4.57668	1.61668	2.74884	7.20000	7.10000	7.40	70.200
4.56388	1.61761	2.74516	7.30000	7.10000	7.40	63.900
4.63548	1.58020	2.80841	7.40000	7.10000	7.40	62.800
4.63308	1.58033	2.80202	7.50000	7.10000	7.40	73.700
4.63285	1.58059	2.80435	7.60000	7.10000	7.40	79.600
4.63851	1.58597	2.80074	7.70000	7.10000	7.40	76.300
4.63292	1.58441	2.80240	7.80000	7.10000	7.40	79.200
4.63973	1.58669	2.79904	7.90000	7.10000	7.40	75.400
4.63886	1.58152	2.80217	8.00000	7.10000	7.40	73.200
4.63961	1.57913	2.80108	8.10000	7.10000	7.40	73.900
4.64074	1.58631	2.79690	8.20000	7.10000	7.40	65.000
3.02720	2.78894	4.66732	8.30000	7.10000	7.40	60.100
6.19242	1.93952	0.03997	8.40000	7.10000	7.40	56.900
4.59842	1.60041	2.76824	8.50000	7.10000	7.40	69.100
4.58253	1.59648	2.75782	8.60000	7.10000	7.40	71.700
4.58177	1.59975	2.75257	8.70000	7.10000	7.40	73.700
2.95003	2.74248	4.65121	8.80000	7.10000	7.40	76.700
4.57907	1.59181	2.74808	8.90000	7.10000	7.40	76.200
4.57522	1.59240	2.74356	9.00000	7.10000	7.40	81.900
4.57522	1.59238	2.74357	9.10000	7.10000	7.40	81.100
2.95003	2.74249	4.65120	9.20000	7.10000	7.40	84.300
2.95012	2.74250	4.65129	9.30000	7.10000	7.40	77.700
2.95690	2.73949	4.66152	9.40000	7.10000	7.40	80.400
2.91702	2.73136	4.63382	9.50000	7.10000	7.40	71.600
6.16183	1.97309	0.05094	9.60000	7.10000	7.40	53.500
4.60433	1.60112	2.76594	9.70000	7.10000	7.40	64.300
4.59616	1.60030	2.77052	9.80000	7.10000	7.40	62.100
4.63298	1.58576	2.78100	9.90000	7.10000	7.40	58.000
4.62912	1.58129	2.79250	10.00000	7.10000	7.40	65.800
4.60784	1.59387	2.75836	6.00000	7.20000	7.40	71.800
4.60288	1.59425	2.76220	6.10000	7.20000	7.40	79.300
4.58827	1.60045	2.76446	6.20000	7.20000	7.40	76.400
4.58772	1.59825	2.76457	6.30000	7.20000	7.40	75.500
4.59389	1.59699	2.76217	6.40000	7.20000	7.40	78.700
4.59533	1.60135	2.75926	6.50000	7.20000	7.40	76.000
4.59547	1.60133	2.75943	6.60000	7.20000	7.40	75.400
4.58859	1.60913	2.76280	6.70000	7.20000	7.40	78.900
4.58391	1.60726	2.76042	6.80000	7.20000	7.40	82.100
4.58398	1.60730	2.76051	6.90000	7.20000	7.40	83.000
4.57996	1.60762	2.75351	7.00000	7.20000	7.40	77.300
4.58210	1.61284	2.75669	7.10000	7.20000	7.40	74.100
4.58274	1.61706	2.75920	7.20000	7.20000	7.40	71.400
4.58131	1.61522	2.74572	7.30000	7.20000	7.40	60.800
4.63725	1.57892	2.80874	7.40000	7.20000	7.40	70.800
4.64413	1.57949	2.79777	7.50000	7.20000	7.40	73.200
4.63298	1.58046	2.80452	7.60000	7.20000	7.40	75.000
4.63499	1.58525	2.80034	7.70000	7.20000	7.40	79.500
4.64089	1.58477	2.79290	7.80000	7.20000	7.40	74.900
4.63746	1.58466	2.79911	7.90000	7.20000	7.40	78.100
4.64046	1.58325	2.80006	8.00000	7.20000	7.40	72.700
4.63996	1.58266	2.79733	8.10000	7.20000	7.40	76.800
4.64663	1.58372	2.78891	8.20000	7.20000	7.40	71.200
4.63900	1.58869	2.79569	8.30000	7.20000	7.40	64.100
4.64464	1.58687	2.79431	8.40000	7.20000	7.40	58.400
6.10041	0.37354	3.22513	8.50000	7.20000	7.40	58.700
4.58620	1.59518	2.75788	8.60000	7.20000	7.40	65.600
4.58024	1.59997	2.75392	8.70000	7.20000	7.40	72.000
4.58049	1.58829	2.74696	8.80000	7.20000	7.40	80.600
4.57664	1.59513	2.74447	8.90000	7.20000	7.40	83.600
4.57907	1.59185	2.74807	9.00000	7.20000	7.40	78.400
4.57798	1.58845	2.74742	9.10000	7.20000	7.40	81.800
4.57524	1.59239	2.74360	9.20000	7.20000	7.40	79.000
2.96294	2.74341	4.66538	9.30000	7.20000	7.40	77.900
4.57355	1.59112	2.74072	9.40000	7.20000	7.40	80.400
2.95857	2.73580	4.66616	9.50000	7.20000	7.40	68.300
3.04589	1.17843	1.53243	9.60000	7.20000	7.40	56.200
4.59554	1.60037	2.76637	9.70000	7.20000	7.40	62.100
4.60755	1.59151	2.77311	9.80000	7.20000	7.40	57.600
4.62413	1.58475	2.78049	9.90000	7.20000	7.40	71.700
4.63108	1.57925	2.79874	10.00000	7.20000	7.40	62.900
4.61445	1.59774	2.76341	6.00000	7.30000	7.40	72.000
4.61089	1.59867	2.76414	6.10000	7.30000	7.40	76.500
4.60790	1.59197	2.75916	6.20000	7.30000	7.40	72.200
4.59353	1.59709	2.76668	6.30000	7.30000	7.40	80.700
4.60028	1.60144	2.75950	6.40000	7.30000	7.40	78.400
4.59921	1.59241	2.76082	6.50000	7.30000	7.40	78.100
4.60405	1.60170	2.75315	6.60000	7.30000	7.40	75.300
4.59296	1.60636	2.75457	6.70000	7.30000	7.40	74.700
4.58396	1.60714	2.76048	6.80000	7.30000	7.40	77.600
4.58042	1.60623	2.75278	6.90000	7.30000	7.40	79.500
4.58123	1.61193	2.75165	7.00000	7.30000	7.40	76.300
4.58194	1.60727	2.75222	7.10000	7.30000	7.40	76.500
4.58528	1.61878	2.75738	7.20000	7.30000	7.40	70.900
4.59171	1.61636	2.75383	7.30000	7.30000	7.40	62.100
4.64102	1.57886	2.80055	7.40000	7.30000	7.40	60.100
4.64039	1.57786	2.78926	7.50000	7.30000	7.40	76.600
4.64070	1.58311	2.79654	7.60000	7.30000	7.40	76.300
4.64220	1.58581	2.79777	7.70000	7.30000	7.40	77.900
4.63668	1.58546	2.79900	7.80000	7.30000	7.40	78.700
4.63557	1.58754	2.80506	7.90000	7.30000	7.40	78.500
4.63714	1.58039	2.80294	8.00000	7.30000	7.40	70.400
4.63887	1.58423	2.80101	8.10000	7.30000	7.40	78.300
4.64631	1.58087	2.78840	8.20000	7.30000	7.40	73.600
4.64067	1.58641	2.79681	8.30000	7.30000	7.40	75.100
4.63848	1.58849	2.79242	8.40000	7.30000	7.40	68.700
4.64605	1.59238	2.79146	8.50000	7.30000	7.40	58.400
4.58149	1.59838	2.75651	8.60000	7.30000	7.40	61.700
4.57907	1.59181	2.74808	8.70000	7.30000	7.40	77.800
4.57664	1.59513	2.74447	8.80000	7.30000	7.40	81.600
4.57804	1.58830	2.74752	8.90000	7.30000	7.40	73.400
4.57726	1.59599	2.74232	9.00000	7.30000	7.40	79.500
4.57652	1.59178	2.74542	9.10000	7.30000	7.40	78.800
4.57524	1.59239	2.74359	9.20000	7.30000	7.40	81.900
4.57652	1.59283	2.73793	9.30000	7.30000	7.40	81.000
4.57264	1.59143	2.73971	9.40000	7.30000	7.40	77.300
2.94069	2.73233	4.64923	9.50000	7.30000	7.40	68.800
6.08526	0.38291	3.23110	9.60000	7.30000	7.40	57.100
4.61083	1.58644	2.77531	9.70000	7.30000	7.40	62.100
4.61773	1.58598	2.77782	9.80000	7.30000	7.40	60.700
4.62292	1.57895	2.78105	9.90000	7.30000	7.40	71.300
4.63911	1.57767	2.79301	10.00000	7.30000	7.40	57.600
4.60220	1.59934	2.76875	6.00000	7.40000	7.40	69.800
4.61421	1.59492	2.76256	6.10000	7.40000	7.40	78.900
4.60870	1.59782	2.76421	6.20000	7.40000	7.40	71.500
4.60801	1.59624	2.75891	6.30000	7.40000	7.40	75.300
4.59429	1.59820	2.75876	6.40000	7.40000	7.40	75.600
4.60190	1.59324	2.76032	6.50000	7.40000	7.40	80.100
4.59258	1.59462	2.76577	6.60000	7.40000	7.40	76.400
4.58798	1.60472	2.75757	6.70000	7.40000	7.40	77.500
4.58390	1.60719	2.76040	6.80000	7.40000	7.40	77.800
4.58511	1.60502	2.76005	6.90000	7.40000	7.40	76.300
4.58391	1.60721	2.76042	7.00000	7.40000	7.40	79.800
4.59065	1.60584	2.75342	7.10000	7.40000	7.40	75.700
4.58062	1.61993	2.75688	7.20000	7.40000	7.40	74.700
4.59560	1.61320	2.76041	7.30000	7.40000	7.40	58.500
4.64085	1.57953	2.80437	7.40000	7.40000	7.40	77.300
4.63585	1.58042	2.80108	7.50000	7.40000	7.40	73.700
4.63689	1.58064	2.80585	7.60000	7.40000	7.40	77.500
4.63410	1.58420	2.80482	7.70000	7.40000	7.40	77.300
4.63799	1.58574	2.80438	7.80000	7.40000	7.40	77.600
4.64038	1.58339	2.79996	7.90000	7.40000	7.40	74.500
4.64243	1.57928	2.79248	8.00000	7.40000	7.40	74.600
4.63783	1.58568	2.80120	8.10000	7.40000	7.40	77.200
4.63641	1.58338	2.80598	8.20000	7.40000	7.40	77.500
4.64685	1.58083	2.79792	8.30000	7.40000	7.40	78.600
4.63931	1.58416	2.79778	8.40000	7.40000	7.40	71.000
4.64364	1.58400	2.79147	8.50000	7.40000	7.40	61.700
4.57387	1.59836	2.75619	8.60000	7.40000	7.40	61.500
4.58399	1.58873	2.74838	8.70000	7.40000	7.40	77.400
4.57577	1.59208	2.74405	8.80000	7.40000	7.40	80.800
4.57664	1.59513	2.74447	8.90000	7.40000	7.40	82.300
4.57664	1.59513	2.74447	9.00000	7.40000	7.40	81.200
2.95012	2.74250	4.65129	9.10000	7.40000	7.40	78.500
2.95012	2.74250	4.65129	9.20000	7.40000	7.40	82.400
2.95860	2.73779	4.66128	9.30000	7.40000	7.40	78.400
2.95694	2.73790	4.66175	9.40000	7.40000	7.40	77.100
2.94250	2.73229	4.64278	9.50000	7.40000	7.40	62.300
3.00056	2.77679	4.67235	9.60000	7.40000	7.40	61.000
4.62212	1.58148	2.77572	9.70000	7.40000	7.40	67.100
4.61736	1.58175	2.77713	9.80000	7.40000	7.40	62.900
4.62692	1.58173	2.77996	9.90000	7.40000	7.40	58.300
4.63728	1.57471	2.80058	10.00000	7.40000	7.40	68.600
4.61089	1.59633	2.76263	6.00000	7.50000	7.40	72.700
4.60524	1.59684	2.76577	6.10000	7.50000	7.40	79.200
4.61800	1.59785	2.76155	6.20000	7.50000	7.40	79.000
4.60040	1.59706	2.77001	6.30000	7.50000	7.40	77.600
4.60692	1.59664	2.76468	6.40000	7.50000	7.40	77.500
4.59540	1.60200	2.75977	6.50000	7.50000	7.40	81.300
4.60452	1.59737	2.75409	6.60000	7.50000	7.40	77.800
4.59813	1.60171	2.75592	6.70000	7.50000	7.40	80.500
4.58553	1.60338	2.75676	6.80000	7.50000	7.40	76.500
4.58064	1.61271	2.74769	6.90000	7.50000	7.40	77.400
4.58064	1.61272	2.74768	7.00000	7.50000	7.40	79.100
4.58019	1.61043	2.75574	7.10000	7.50000	7.40	74.900
4.58406	1.61274	2.75508	7.20000	7.50000	7.40	68.900
4.60303	1.61921	2.75821	7.30000	7.50000	7.40	58.500
4.64160	1.58263	2.80008	7.40000	7.50000	7.40	57.600
4.63837	1.57756	2.79996	7.50000	7.50000	7.40	75.500
4.63255	1.58579	2.80430	7.60000	7.50000	7.40	78.200
4.63746	1.58287	2.80267	7.70000	7.50000	7.40	76.200
4.63837	1.57756	2.79996	7.80000	7.50000	7.40	70.800
4.63466	1.58119	2.80268	7.90000	7.50000	7.40	73.500
4.64082	1.57908	2.80044	8.00000	7.50000	7.40	75.800
4.63789	1.58571	2.80128	8.10000	7.50000	7.40	69.700
4.63514	1.58085	2.80395	8.20000	7.50000	7.40	75.100
4.64563	1.57995	2.79974	8.30000	7.50000	7.40	75.800
4.64189	1.58474	2.79797	8.40000	7.50000	7.40	75.800
4.63962	1.58692	2.78823	8.50000	7.50000	7.40	63.300
4.56882	1.60248	2.75162	8.60000	7.50000	7.40	56.600
4.58321	1.59803	2.75119	8.70000	7.50000	7.40	76.100
2.96646	2.74587	4.66778	8.80000	7.50000	7.40	80.500
4.57522	1.59238	2.74357	8.90000	7.50000	7.40	75.500
2.95012	2.74250	4.65129	9.00000	7.50000	7.40	82.400
4.57522	1.59238	2.74357	9.10000	7.50000	7.40	79.600
4.57264	1.59146	2.73972	9.20000	7.50000	7.40	83.600
2.95684	2.73931	4.66147	9.30000	7.50000	7.40	79.600
2.95687	2.73789	4.66168	9.40000	7.50000	7.40	70.000
6.06249	0.40001	3.23177	9.50000	7.50000	7.40	54.100
2.97813	2.77932	4.64897	9.60000	7.50000	7.40	59.100
4.62216	1.58649	2.77175	9.70000	7.50000	7.40	64.000
4.61524	1.58416	2.77572	9.80000	7.50000	7.40	64.600
4.60596	1.58469	2.78403	9.90000	7.50000	7.40	56.300
4.64633	1.58422	2.79345	10.00000	7.50000	7.40	59.100
4.61202	1.59430	2.76520	6.00000	7.60000	7.40	71.500
4.62135	1.59770	2.75284	6.10000	7.60000	7.40	70.800
4.62134	1.59752	2.75600	6.20000	7.60000	7.40	72.200
4.61075	1.59970	2.76313	6.30000	7.60000	7.40	71.100
4.60035	1.59597	2.76728	6.40000	7.60000	7.40	76.500
4.59749	1.60336	2.75719	6.50000	7.60000	7.40	77.300
4.59640	1.60295	2.76226	6.60000	7.60000	7.40	81.400
4.58167	1.60667	2.75546	6.70000	7.60000	7.40	78.700
4.58803	1.60330	2.74917	6.80000	7.60000	7.40	81.000
4.58478	1.60885	2.75288	6.90000	7.60000	7.40	81.400
4.58157	1.60803	2.74745	7.00000	7.60000	7.40	78.300
4.58579	1.61466	2.74149	7.10000	7.60000	7.40	77.500
4.58066	1.61996	2.75694	7.20000	7.60000	7.40	66.300
6.03362	0.38318	3.28299	7.30000	7.60000	7.40	58.500
4.63448	1.58966	2.79549	7.40000	7.60000	7.40	65.100
4.64421	1.58587	2.80041	7.50000	7.60000	7.40	75.500
4.63665	1.58472	2.80189	7.60000	7.60000	7.40	74.300
4.63837	1.57756	2.79996	7.70000	7.60000	7.40	76.200
4.63568	1.58409	2.79761	7.80000	7.60000	7.40	77.700
4.63687	1.58529	2.79923	7.90000	7.60000	7.40	78.200
4.63830	1.58377	2.78911	8.00000	7.60000	7.40	76.500
4.64038	1.58561	2.80094	8.10000	7.60000	7.40	75.500
4.63298	1.58050	2.80452	8.20000	7.60000	7.40	77.000
4.63793	1.58567	2.80133	8.30000	7.60000	7.40	78.400
4.63733	1.59188	2.79803	8.40000	7.60000	7.40	75.700
4.63685	1.59075	2.79694	8.50000	7.60000	7.40	61.500
4.57185	1.59682	2.75283	8.60000	7.60000	7.40	60.200
4.57907	1.59181	2.74808	8.70000	7.60000	7.40	72.700
2.94963	2.73791	4.65382	8.80000	7.60000	7.40	77.600
4.57355	1.59108	2.74073	8.90000	7.60000	7.40	84.300
2.95698	2.74080	4.65977	9.00000	7.60000	7.40	82.100
4.57541	1.59131	2.73906	9.10000	7.60000	7.40	77.900
4.57435	1.59459	2.74104	9.20000	7.60000	7.40	76.300
2.95937	2.73507	4.66654	9.30000	7.60000	7.40	70.300
2.94086	2.73736	4.63630	9.40000	7.60000	7.40	64.200
6.17520	0.36750	3.15271	9.50000	7.60000	7.40	50.500
4.62921	1.58483	2.77834	9.60000	7.60000	7.40	65.700
4.62062	1.58261	2.77611	9.70000	7.60000	7.40	67.300
4.61067	1.58180	2.78515	9.80000	7.60000	7.40	69.800
4.62924	1.58408	2.77377	9.90000	7.60000	7.40	63.900
4.64049	1.57181	2.80240	10.00000	7.60000	7.40	56.800
4.61456	1.59937	2.76502	6.00000	7.70000	7.40	70.100
4.61201	1.59434	2.76519	6.10000	7.70000	7.40	72.600
4.61189	1.59653	2.76152	6.20000	7.70000	7.40	75.600
4.61964	1.59735	2.76123	6.30000	7.70000	7.40	73.500
4.60627	1.59625	2.76302	6.40000	7.70000	7.40	80.100
4.59955	1.60271	2.75523	6.50000	7.70000	7.40	79.700
4.59660	1.59963	2.75995	6.60000	7.70000	7.40	81.100
4.58553	1.60338	2.75676	6.70000	7.70000	7.40	77.000
4.58335	1.60356	2.75862	6.80000	7.70000	7.40	82.800
4.58066	1.61258	2.74772	6.90000	7.70000	7.40	77.300
4.59061	1.61042	2.73873	7.00000	7.70000	7.40	72.500
4.58964	1.61000	2.75108	7.10000	7.70000	7.40	73.500
4.58127	1.61748	2.75848	7.20000	7.70000	7.40	67.300
6.04738	0.37646	3.27673	7.30000	7.70000	7.40	50.300
4.63998	1.58879	2.79201	7.40000	7.70000	7.40	63.100
4.63883	1.58147	2.80212	7.50000	7.70000	7.40	68.300
4.64211	1.58482	2.79269	7.60000	7.70000	7.40	78.800
4.63878	1.58155	2.80182	7.70000	7.70000	7.40	71.800
4.63478	1.58478	2.80826	7.80000	7.70000	7.40	76.600
4.63479	1.58105	2.80284	7.90000	7.70000	7.40	75.800
4.63798	1.58341	2.80461	8.00000	7.70000	7.40	80.800
4.63799	1.58445	2.78953	8.10000	7.70000	7.40	80.600
4.63452	1.58412	2.80572	8.20000	7.70000	7.40	76.900
4.64236	1.58566	2.79798	8.30000	7.70000	7.40	76.000
4.63790	1.58557	2.80128	8.40000	7.70000	7.40	76.200
4.63966	1.58279	2.79085	8.50000	7.70000	7.40	70.200
4.56714	1.59638	2.74475	8.60000	7.70000	7.40	54.900
4.57806	1.58832	2.74754	8.70000	7.70000	7.40	75.100
4.57577	1.59208	2.74405	8.80000	7.70000	7.40	79.900
4.57433	1.59458	2.74101	8.90000	7.70000	7.40	80.800
2.95687	2.73789	4.66168	9.00000	7.70000	7.40	76.400
4.57264	1.59143	2.73971	9.10000	7.70000	7.40	79.700
2.94957	2.73583	4.65282	9.20000	7.70000	7.40	74.900
2.95154	2.72087	4.64132	9.30000	7.70000	7.40	62.100
2.95947	2.74072	4.63910	9.40000	7.70000	7.40	56.400
4.60912	1.58663	2.77156	9.50000	7.70000	7.40	65.000
4.61627	1.58383	2.77803	9.60000	7.70000	7.40	68.600
4.61781	1.58428	2.77667	9.70000	7.70000	7.40	70.700
4.61839	1.58253	2.77298	9.80000	7.70000	7.40	72.500
4.62235	1.58235	2.77306	9.90000	7.70000	7.40	61.200
4.63547	1.57402	2.80646	10.00000	7.70000	7.40	61.000
4.61102	1.59444	2.76201	6.00000	7.80000	7.40	71.100
4.61898	1.59580	2.75978	6.10000	7.80000	7.40	71.300
4.61679	1.59863	2.75724	6.20000	7.80000	7.40	76.700
4.61326	1.59444	2.76571	6.30000	7.80000	7.40	78.500
4.60932	1.59757	2.75699	6.40000	7.80000	7.40	77.700
4.59897	1.59784	2.75845	6.50000	7.80000	7.40	80.800
4.58558	1.59935	2.76111	6.60000	7.80000	7.40	78.200
4.58759	1.60324	2.75686	6.70000	7.80000	7.40	80.100
4.57941	1.61177	2.75393	6.80000	7.80000	7.40	76.200
4.57967	1.60932	2.73891	6.90000	7.80000	7.40	75.400
4.58119	1.61144	2.75109	7.00000	7.80000	7.40	73.500
4.58124	1.61973	2.75531	7.10000	7.80000	7.40	79.000
4.59458	1.62044	2.75404	7.20000	7.80000	7.40	59.900
6.11784	0.36352	3.23504	7.30000	7.80000	7.40	56.400
4.63527	1.58526	2.79622	7.40000	7.80000	7.40	64.100
4.63350	1.58253	2.80410	7.50000	7.80000	7.40	69.000
4.64249	1.58187	2.79914	7.60000	7.80000	7.40	75.500
4.64047	1.57818	2.79770	7.70000	7.80000	7.40	74.700
4.63579	1.58085	2.80429	7.80000	7.80000	7.40	74.200
4.64314	1.58146	2.80069	7.90000	7.80000	7.40	75.500
4.63579	1.58085	2.80429	8.00000	7.80000	7.40	73.200
4.63789	1.58184	2.79962	8.10000	7.80000	7.40	75.500
4.63456	1.58165	2.79537	8.20000	7.80000	7.40	79.900
4.63736	1.57949	2.79580	8.30000	7.80000	7.40	77.300
4.63993	1.58275	2.79729	8.40000	7.80000	7.40	76.100
4.63404	1.58530	2.80300	8.50000	7.80000	7.40	65.700
4.56729	1.59610	2.75215	8.60000	7.80000	7.40	54.600
2.95812	2.74088	4.66205	8.70000	7.80000	7.40	78.900
4.57263	1.59145	2.73970	8.80000	7.80000	7.40	80.900
4.57357	1.59110	2.74075	8.90000	7.80000	7.40	73.100
4.57112	1.59004	2.73752	9.00000	7.80000	7.40	76.400
4.57051	1.59650	2.73791	9.10000	7.80000	7.40	73.800
4.57055	1.60328	2.74389	9.20000	7.80000	7.40	59.900
6.17515	1.95403	0.04287	9.30000	7.80000	7.40	57.000
4.60648	1.60084	2.75064	9.40000	7.80000	7.40	58.400
4.61474	1.59492	2.76598	9.50000	7.80000	7.40	63.900
4.61625	1.58385	2.77801	9.60000	7.80000	7.40	68.700
4.61817	1.58327	2.76936	9.70000	7.80000	7.40	73.100
4.62177	1.58791	2.77474	9.80000	7.80000	7.40	67.700
4.61411	1.58758	2.78016	9.90000	7.80000	7.40	64.500
4.64659	1.57517	2.80152	10.00000	7.80000	7.40	59.000
4.61454	1.59927	2.76500	6.00000	7.90000	7.40	75.700
4.61800	1.59785	2.76155	6.10000	7.90000	7.40	72.900
4.61206	1.59441	2.76525	6.20000	7.90000	7.40	75.100
4.60348	1.60010	2.76812	6.30000	7.90000	7.40	76.600
4.59897	1.60005	2.75252	6.40000	7.90000	7.40	76.800
4.58487	1.60390	2.76050	6.50000	7.90000	7.40	79.100
4.58754	1.60311	2.75920	6.60000	7.90000	7.40	83.600
4.58797	1.60463	2.75756	6.70000	7.90000	7.40	76.900
4.57808	1.60807	2.75357	6.80000	7.90000	7.40	76.400
4.58400	1.60804	2.74408	6.90000	7.90000	7.40	78.100
4.57897	1.61685	2.73912	7.00000	7.90000	7.40	76.100
4.57832	1.60993	2.73165	7.10000	7.90000	7.40	76.200
4.59795	1.61563	2.73548	7.20000	7.90000	7.40	55.100
4.62323	1.59824	2.78414	7.30000	7.90000	7.40	59.100
4.64802	1.58415	2.79236	7.40000	7.90000	7.40	61.100
4.64050	1.58566	2.80111	7.50000	7.90000	7.40	66.800
4.63659	1.58327	2.80667	7.60000	7.90000	7.40	69.300
4.63820	1.57779	2.79976	7.70000	7.90000	7.40	74.700
4.64042	1.57836	2.79883	7.80000	7.90000	7.40	78.600
4.63996	1.59165	2.80133	7.90000	7.90000	7.40	71.200
4.63582	1.58094	2.80434	8.00000	7.90000	7.40	73.400
4.63837	1.57756	2.79996	8.10000	7.90000	7.40	76.900
4.64049	1.58336	2.80010	8.20000	7.90000	7.40	74.800
4.64934	1.58334	2.79449	8.30000	7.90000	7.40	71.900
4.63634	1.58328	2.80589	8.40000	7.90000	7.40	77.700
4.63790	1.58557	2.80128	8.50000	7.90000	7.40	70.800
4.56498	1.58886	2.74604	8.60000	7.90000	7.40	60.300
4.57435	1.59463	2.74103	8.70000	7.90000	7.40	73.500
4.57263	1.59145	2.73970	8.80000	7.90000	7.40	77.400
4.57285	1.59357	2.73861	8.90000	7.90000	7.40	80.600
2.95180	2.73279	4.65759	9.00000	7.90000	7.40	73.500
6.16619	1.98339	0.03427	9.10000	7.90000	7.40	62.300
2.95570	2.75077	4.62918	9.20000	7.90000	7.40	59.800
4.61810	1.60025	2.75909	9.30000	7.90000	7.40	62.000
4.60575	1.59774	2.76748	9.40000	7.90000	7.40	66.100
4.61206	1.58972	2.76395	9.50000	7.90000	7.40	66.300
4.61691	1.58298	2.77031	9.60000	7.90000	7.40	70.400
4.61326	1.58500	2.77698	9.70000	7.90000	7.40	69.400
4.61438	1.58654	2.77733	9.80000	7.90000	7.40	58.400
3.08399	1.21877	1.55298	9.90000	7.90000	7.40	50.800
4.63705	1.57148	2.80420	10.00000	7.90000	7.40	67.300
4.61889	1.59804	2.76201	6.00000	8.00000	7.40	71.300
4.61201	1.59434	2.76519	6.10000	8.00000	7.40	75.000
4.61201	1.59434	2.76519	6.20000	8.00000	7.40	75.500
4.61882	1.59593	2.75657	6.30000	8.00000	7.40	72.700
4.60222	1.59794	2.75342	6.40000	8.00000	7.40	79.400
4.58405	1.60055	2.75394	6.50000	8.00000	7.40	76.900
4.58541	1.60338	2.75661	6.60000	8.00000	7.40	79.500
4.58548	1.60323	2.75670	6.70000	8.00000	7.40	79.600
4.58630	1.61078	2.74691	6.80000	8.00000	7.40	76.300
4.58382	1.61245	2.73787	6.90000	8.00000	7.40	74.000
4.57596	1.61109	2.73896	7.00000	8.00000	7.40	72.800
4.58525	1.60734	2.73920	7.10000	8.00000	7.40	72.900
3.03931	1.15245	1.53477	7.20000	8.00000	7.40	61.600
3.02009	2.79535	4.67279	7.30000	8.00000	7.40	63.100
4.63567	1.58557	2.80173	7.40000	8.00000	7.40	61.000
4.64023	1.57751	2.80786	7.50000	8.00000	7.40	65.500
4.64489	1.57843	2.79627	7.60000	8.00000	7.40	70.900
4.63971	1.58220	2.80320	7.70000	8.00000	7.40	68.900
4.64387	1.58407	2.80236	7.80000	8.00000	7.40	68.200
4.64403	1.57953	2.79764	7.90000	8.00000	7.40	71.100
4.64601	1.57995	2.79562	8.00000	8.00000	7.40	75.200
4.63668	1.58546	2.79900	8.10000	8.00000	7.40	78.500
4.63900	1.57759	2.79935	8.20000	8.00000	7.40	81.400
4.64860	1.59382	2.80114	8.30000	8.00000	7.40	77.700
4.63732	1.59381	2.80676	8.40000	8.00000	7.40	77.400
4.63973	1.58765	2.79450	8.50000	8.00000	7.40	74.000
4.58007	1.59440	2.73203	8.60000	8.00000	7.40	56.700
4.57238	1.59011	2.73976	8.70000	8.00000	7.40	71.600
4.57361	1.59332	2.74022	8.80000	8.00000	7.40	79.100
2.95937	2.73507	4.66654	8.90000	8.00000	7.40	74.300
4.58012	1.60269	2.72665	9.00000	8.00000	7.40	57.800
4.58885	1.61026	2.75669	9.10000	8.00000	7.40	55.900
4.61139	1.60653	2.76427	9.20000	8.00000	7.40	63.000
4.60987	1.59643	2.76469	9.30000	8.00000	7.40	71.000
4.61202	1.59447	2.76521	9.40000	8.00000	7.40	68.800
4.60589	1.59773	2.76766	9.50000	8.00000	7.40	71.800
4.61635	1.59110	2.76673	9.60000	8.00000	7.40	69.400
4.61124	1.58184	2.77411	9.70000	8.00000	7.40	64.700
3.05713	1.20024	1.55030	9.80000	8.00000	7.40	62.800
3.09425	2.80282	4.73247	9.90000	8.00000	7.40	59.500
4.64131	1.57130	2.80022	10.00000	8.00000	7.40	68.200
