2.91624	2.74160	4.59395	6.00000	6.00000	7.40	60.000
3.03484	1.16058	1.52112	6.10000	6.00000	7.40	60.400
2.86206	2.71619	4.56731	6.20000	6.00000	7.40	60.700
2.87970	2.70883	4.58623	6.30000	6.00000	7.40	67.100
2.87262	2.71123	4.58868	6.40000	6.00000	7.40	72.000
2.86477	2.71325	4.58101	6.50000	6.00000	7.40	75.400
4.56479	1.62083	2.71099	6.60000	6.00000	7.40	68.000
2.86937	2.71375	4.58646	6.70000	6.00000	7.40	73.200
2.87249	2.71285	4.59174	6.80000	6.00000	7.40	63.600
2.87209	2.71296	4.59173	6.90000	6.00000	7.40	67.400
2.86683	2.71247	4.58412	7.00000	6.00000	7.40	70.000
2.86160	2.71378	4.58682	7.10000	6.00000	7.40	65.700
2.86302	2.71284	4.58933	7.20000	6.00000	7.40	69.700
3.00766	1.14498	1.51242	7.30000	6.00000	7.40	62.800
3.01635	1.13681	1.50790	7.40000	6.00000	7.40	59.100
4.58549	1.59474	2.77069	7.50000	6.00000	7.40	62.100
4.59010	1.59337	2.76783	7.60000	6.00000	7.40	68.300
4.58983	1.59227	2.76676	7.70000	6.00000	7.40	71.200
4.59532	1.59683	2.76684	7.80000	6.00000	7.40	73.100
4.58076	1.59053	2.76918	7.90000	6.00000	7.40	69.500
4.59149	1.59607	2.76940	8.00000	6.00000	7.40	74.400
4.59283	1.60037	2.77112	8.10000	6.00000	7.40	70.200
4.59146	1.59599	2.76937	8.20000	6.00000	7.40	73.200
4.59217	1.60113	2.77109	8.30000	6.00000	7.40	71.100
4.59063	1.59294	2.76433	8.40000	6.00000	7.40	71.500
4.58475	1.59988	2.75993	8.50000	6.00000	7.40	69.800
4.57724	1.60180	2.75000	8.60000	6.00000	7.40	71.400
2.95945	2.74645	4.65896	8.70000	6.00000	7.40	77.300
2.96646	2.74587	4.66778	8.80000	6.00000	7.40	80.200
4.57804	1.58830	2.74752	8.90000	6.00000	7.40	77.700
4.58297	1.59048	2.74493	9.00000	6.00000	7.40	83.000
4.57664	1.59513	2.74447	9.10000	6.00000	7.40	77.100
4.57664	1.59513	2.74447	9.20000	6.00000	7.40	75.400
4.57434	1.59458	2.74102	9.30000	6.00000	7.40	77.600
4.57363	1.59329	2.74024	9.40000	6.00000	7.40	75.000
2.89389	2.72704	4.62145	9.50000	6.00000	7.40	74.400
2.92253	2.72796	4.64825	9.60000	6.00000	7.40	74.400
2.92596	2.72560	4.64622	9.70000	6.00000	7.40	72.300
2.90411	2.72764	4.62686	9.80000	6.00000	7.40	70.900
2.89848	2.73234	4.62546	9.90000	6.00000	7.40	72.000
2.93012	2.72765	4.65083	10.00000	6.00000	7.40	73.600
4.58784	1.61821	2.75161	6.00000	6.10000	7.40	64.000
2.91713	2.74991	4.59990	6.10000	6.10000	7.40	63.600
2.88963	2.72586	4.58299	6.20000	6.10000	7.40	56.700
2.86162	2.72215	4.57906	6.30000	6.10000	7.40	63.800
2.85976	2.71440	4.58401	6.40000	6.10000	7.40	71.300
2.86620	2.71667	4.57860	6.50000	6.10000	7.40	71.900
2.87028	2.71426	4.57904	6.60000	6.10000	7.40	74.000
4.56158	1.62614	2.71619	6.70000	6.10000	7.40	76.300
4.55816	1.62210	2.72387	6.80000	6.10000	7.40	72.300
2.86893	2.70492	4.58529	6.90000	6.10000	7.40	72.100
2.86554	2.71466	4.59317	7.00000	6.10000	7.40	75.700
2.85480	2.71009	4.57592	7.10000	6.10000	7.40	65.600
3.01098	1.14667	1.51086	7.20000	6.10000	7.40	64.700
1.43357	1.52717	5.13480	7.30000	6.10000	7.40	55.900
6.05114	0.41025	3.25662	7.40000	6.10000	7.40	55.900
4.58972	1.60175	2.77849	7.50000	6.10000	7.40	62.900
4.59192	1.60046	2.77058	7.60000	6.10000	7.40	72.900
4.59098	1.59655	2.77111	7.70000	6.10000	7.40	70.600
4.58329	1.58914	2.76930	7.80000	6.10000	7.40	74.400
4.59275	1.59853	2.77040	7.90000	6.10000	7.40	72.200
4.58674	1.59346	2.77271	8.00000	6.10000	7.40	76.800
4.59071	1.59641	2.76913	8.10000	6.10000	7.40	71.800
4.58979	1.59218	2.76671	8.20000	6.10000	7.40	72.000
4.59286	1.60046	2.77116	8.30000	6.10000	7.40	75.900
4.58888	1.59980	2.76632	8.40000	6.10000	7.40	77.400
4.58290	1.59768	2.76054	8.50000	6.10000	7.40	67.400
4.57834	1.59991	2.75244	8.60000	6.10000	7.40	70.600
2.95698	2.74080	4.65977	8.70000	6.10000	7.40	84.200
4.57804	1.58830	2.74752	8.80000	6.10000	7.40	80.300
4.57198	1.59714	2.74558	8.90000	6.10000	7.40	78.800
4.57664	1.59513	2.74447	9.00000	6.10000	7.40	76.800
4.57664	1.59513	2.74447	9.10000	6.10000	7.40	79.500
4.57577	1.59208	2.74405	9.20000	6.10000	7.40	81.100
2.95687	2.73790	4.66168	9.30000	6.10000	7.40	79.000
4.56082	1.59911	2.74517	9.40000	6.10000	7.40	66.200
2.90605	2.73295	4.63441	9.50000	6.10000	7.40	72.400
2.90434	2.72772	4.62705	9.60000	6.10000	7.40	77.000
2.91856	2.72859	4.64321	9.70000	6.10000	7.40	70.600
2.92609	2.72563	4.64634	9.80000	6.10000	7.40	73.700
2.92469	2.73056	4.65273	9.90000	6.10000	7.40	67.600
2.91266	2.72873	4.63779	10.00000	6.10000	7.40	71.100
4.59246	1.62018	2.74560	6.00000	6.20000	7.40	69.100
4.59386	1.61800	2.74753	6.10000	6.20000	7.40	66.100
4.59343	1.62003	2.74466	6.20000	6.20000	7.40	54.100
6.02047	0.41067	3.27605	6.30000	6.20000	7.40	56.000
2.87642	2.72252	4.58755	6.40000	6.20000	7.40	65.600
4.55801	1.62728	2.72320	6.50000	6.20000	7.40	69.800
2.86303	2.71866	4.57534	6.60000	6.20000	7.40	71.000
2.86545	2.71962	4.57598	6.70000	6.20000	7.40	70.200
4.56326	1.62711	2.71883	6.80000	6.20000	7.40	69.200
2.86140	2.70973	4.58184	6.90000	6.20000	7.40	71.300
3.00133	1.14692	1.51280	7.00000	6.20000	7.40	69.500
3.00744	1.14607	1.50801	7.10000	6.20000	7.40	59.500
3.01927	1.15179	1.51338	7.20000	6.20000	7.40	60.100
3.01578	1.16438	1.53555	7.30000	6.20000	7.40	58.500
4.59241	1.60468	2.77376	7.40000	6.20000	7.40	77.200
4.59241	1.60468	2.77376	7.50000	6.20000	7.40	62.400
4.58729	1.60029	2.77554	7.60000	6.20000	7.40	69.200
4.58925	1.59405	2.76673	7.70000	6.20000	7.40	64.600
4.59149	1.59607	2.76940	7.80000	6.20000	7.40	67.600
4.59380	1.59963	2.76928	7.90000	6.20000	7.40	75.600
4.58928	1.59863	2.77416	8.00000	6.20000	7.40	74.700
4.59086	1.59910	2.76898	8.10000	6.20000	7.40	74.200
4.59062	1.59294	2.76432	8.20000	6.20000	7.40	75.500
4.58923	1.60068	2.76693	8.30000	6.20000	7.40	75.800
4.59403	1.59515	2.76526	8.40000	6.20000	7.40	74.100
4.58751	1.59335	2.76379	8.50000	6.20000	7.40	73.800
4.58041	1.59831	2.75374	8.60000	6.20000	7.40	71.500
4.57502	1.59314	2.75103	8.70000	6.20000	7.40	78.000
4.57664	1.59513	2.74447	8.80000	6.20000	7.40	80.600
2.95862	2.74048	4.65942	8.90000	6.20000	7.40	77.600
2.95946	2.74642	4.65900	9.00000	6.20000	7.40	80.600
4.57522	1.59238	2.74357	9.10000	6.20000	7.40	80.500
2.95012	2.74250	4.65129	9.20000	6.20000	7.40	80.900
2.95698	2.74080	4.65977	9.30000	6.20000	7.40	84.800
2.93379	2.73269	4.65244	9.40000	6.20000	7.40	71.900
2.91063	2.73069	4.63580	9.50000	6.20000	7.40	74.800
2.89776	2.73022	4.61899	9.60000	6.20000	7.40	72.200
2.88446	2.73200	4.61500	9.70000	6.20000	7.40	76.300
2.91710	2.72345	4.64692	9.80000	6.20000	7.40	72.800
2.91609	2.72983	4.64447	9.90000	6.20000	7.40	71.500
2.92789	2.72371	4.64523	10.00000	6.20000	7.40	68.600
4.60496	1.61824	2.74505	6.00000	6.30000	7.40	69.400
4.59629	1.62023	2.74813	6.10000	6.30000	7.40	63.800
2.95126	2.73963	4.61926	6.20000	6.30000	7.40	57.200
3.01464	1.15253	1.50105	6.30000	6.30000	7.40	73.600
3.01464	1.15253	1.50105	6.40000	6.30000	7.40	54.300
2.86822	2.72197	4.57870	6.50000	6.30000	7.40	65.400
2.86440	2.71335	4.56769	6.60000	6.30000	7.40	67.700
4.56301	1.63209	2.71896	6.70000	6.30000	7.40	74.600
2.86248	2.71842	4.57487	6.80000	6.30000	7.40	69.000
2.87368	2.71460	4.58373	6.90000	6.30000	7.40	69.000
3.01907	1.14916	1.50887	7.00000	6.30000	7.40	66.200
3.01248	1.15849	1.52359	7.10000	6.30000	7.40	61.400
2.92024	2.73357	4.62436	7.20000	6.30000	7.40	61.900
2.91337	2.73163	4.61533	7.30000	6.30000	7.40	61.000
6.06649	0.40988	3.23763	7.40000	6.30000	7.40	57.700
4.60089	1.60376	2.76423	7.50000	6.30000	7.40	69.100
4.59568	1.60077	2.76363	7.60000	6.30000	7.40	67.500
4.59397	1.59708	2.76855	7.70000	6.30000	7.40	64.500
4.58689	1.59742	2.77435	7.80000	6.30000	7.40	63.400
4.59698	1.59788	2.76654	7.90000	6.30000	7.40	66.900
4.59190	1.60044	2.77055	8.00000	6.30000	7.40	71.800
4.58726	1.59469	2.76404	8.10000	6.30000	7.40	75.500
4.59379	1.59573	2.76681	8.20000	6.30000	7.40	76.400
4.59438	1.59995	2.76975	8.30000	6.30000	7.40	77.300
4.58883	1.59966	2.76624	8.40000	6.30000	7.40	77.200
4.58463	1.59027	2.75470	8.50000	6.30000	7.40	75.000
4.57950	1.59564	2.75354	8.60000	6.30000	7.40	72.800
4.58222	1.58953	2.74591	8.70000	6.30000	7.40	79.100
2.95780	2.74362	4.65978	8.80000	6.30000	7.40	85.400
2.95688	2.74082	4.65964	8.90000	6.30000	7.40	80.300
2.94932	2.74008	4.64960	9.00000	6.30000	7.40	80.800
4.58064	1.59566	2.74339	9.10000	6.30000	7.40	74.800
4.57652	1.59178	2.74542	9.20000	6.30000	7.40	81.300
4.57264	1.59143	2.73971	9.30000	6.30000	7.40	82.600
2.94444	2.73692	4.66121	9.40000	6.30000	7.40	73.600
2.90861	2.72667	4.63555	9.50000	6.30000	7.40	78.100
2.88571	2.73269	4.61105	9.60000	6.30000	7.40	76.600
2.93956	2.72684	4.66335	9.70000	6.30000	7.40	74.600
2.92846	2.72324	4.65160	9.80000	6.30000	7.40	70.100
2.90732	2.72290	4.62937	9.90000	6.30000	7.40	66.200
4.55186	1.60803	2.72992	10.00000	6.30000	7.40	55.700
4.59694	1.62270	2.74422	6.00000	6.40000	7.40	72.700
4.60656	1.60474	2.73362	6.10000	6.40000	7.40	66.400
4.60843	1.59069	2.75076	6.20000	6.40000	7.40	61.900
4.60641	1.58953	2.76148	6.30000	6.40000	7.40	64.900
6.06742	0.40762	3.24980	6.40000	6.40000	7.40	50.000
2.85823	2.71519	4.56064	6.50000	6.40000	7.40	50.700
3.02336	1.14936	1.50554	6.60000	6.40000	7.40	55.600
2.86540	2.71962	4.57594	6.70000	6.40000	7.40	60.100
2.86581	2.71974	4.57633	6.80000	6.40000	7.40	72.700
2.86538	2.71963	4.57590	6.90000	6.40000	7.40	66.000
3.02254	1.15810	1.51543	7.00000	6.40000	7.40	66.800
2.89904	2.73484	4.60694	7.10000	6.40000	7.40	58.900
4.57448	1.60954	2.73287	7.20000	6.40000	7.40	65.800
2.91291	2.73049	4.61666	7.30000	6.40000	7.40	66.800
3.02723	1.16797	1.53341	7.40000	6.40000	7.40	56.000
2.92495	2.76203	4.60287	7.50000	6.40000	7.40	57.800
6.19682	1.93834	0.02988	7.60000	6.40000	7.40	62.400
6.19859	1.94608	0.03379	7.70000	6.40000	7.40	57.200
4.59205	1.60417	2.77301	7.80000	6.40000	7.40	57.900
4.60176	1.59911	2.77084	7.90000	6.40000	7.40	63.700
4.58405	1.59344	2.77175	8.00000	6.40000	7.40	68.500
4.59190	1.60044	2.77055	8.10000	6.40000	7.40	72.900
4.58309	1.59228	2.76977	8.20000	6.40000	7.40	75.800
4.59355	1.59671	2.76876	8.30000	6.40000	7.40	80.400
4.59023	1.59741	2.76686	8.40000	6.40000	7.40	78.200
4.58298	1.59699	2.75845	8.50000	6.40000	7.40	75.700
4.57864	1.59701	2.75214	8.60000	6.40000	7.40	72.900
4.57907	1.59181	2.74808	8.70000	6.40000	7.40	79.000
4.57261	1.59650	2.74745	8.80000	6.40000	7.40	79.000
4.57804	1.58830	2.74752	8.90000	6.40000	7.40	76.400
4.57395	1.59433	2.74101	9.00000	6.40000	7.40	81.300
4.57796	1.58846	2.74738	9.10000	6.40000	7.40	82.100
4.57664	1.59513	2.74447	9.20000	6.40000	7.40	81.000
2.95699	2.73949	4.66162	9.30000	6.40000	7.40	79.100
2.93948	2.73458	4.65750	9.40000	6.40000	7.40	71.600
2.90711	2.73631	4.64089	9.50000	6.40000	7.40	74.300
2.90968	2.72710	4.62892	9.60000	6.40000	7.40	75.900
4.55646	1.59691	2.72952	9.70000	6.40000	7.40	73.600
2.91100	2.72786	4.63600	9.80000	6.40000	7.40	67.400
4.56243	1.60909	2.73436	9.90000	6.40000	7.40	58.200
6.09472	0.39918	3.21221	10.00000	6.40000	7.40	57.200
4.60072	1.61320	2.73253	6.00000	6.50000	7.40	75.000
4.61050	1.60407	2.74873	6.10000	6.50000	7.40	66.500
4.60826	1.59550	2.76122	6.20000	6.50000	7.40	64.300
4.60639	1.60615	2.76026	6.30000	6.50000	7.40	61.200
4.61182	1.59163	2.76518	6.40000	6.50000	7.40	60.700
2.96136	2.75402	4.64885	6.50000	6.50000	7.40	62.700
2.89369	2.73906	4.59043	6.60000	6.50000	7.40	52.300
6.00537	0.41557	3.28371	6.70000	6.50000	7.40	54.000
3.00821	1.15840	1.51656	6.80000	6.50000	7.40	64.500
3.02119	1.15255	1.51005	6.90000	6.50000	7.40	63.700
2.88787	2.72656	4.58970	7.00000	6.50000	7.40	58.600
2.89719	2.73633	4.60490	7.10000	6.50000	7.40	65.400
2.89741	2.73402	4.60305	7.20000	6.50000	7.40	67.500
2.90514	2.73426	4.61163	7.30000	6.50000	7.40	64.800
4.57339	1.62080	2.73414	7.40000	6.50000	7.40	55.500
3.02362	2.79610	4.67162	7.50000	6.50000	7.40	60.900
4.63187	1.58551	2.78952	7.60000	6.50000	7.40	61.800
4.64017	1.59117	2.79071	7.70000	6.50000	7.40	56.500
6.14590	0.35190	3.20407	7.80000	6.50000	7.40	57.800
6.18801	1.94595	0.03377	7.90000	6.50000	7.40	60.700
4.59187	1.60148	2.76991	8.00000	6.50000	7.40	70.500
4.59031	1.59548	2.76834	8.10000	6.50000	7.40	71.600
4.59151	1.59611	2.76943	8.20000	6.50000	7.40	75.200
4.58884	1.59545	2.76565	8.30000	6.50000	7.40	75.500
4.59383	1.59972	2.76931	8.40000	6.50000	7.40	76.900
4.58619	1.59324	2.76242	8.50000	6.50000	7.40	77.200
4.57950	1.59564	2.75354	8.60000	6.50000	7.40	74.700
2.96819	2.74516	4.66917	8.70000	6.50000	7.40	79.700
2.95012	2.74250	4.65129	8.80000	6.50000	7.40	77.000
2.95698	2.74080	4.65977	8.90000	6.50000	7.40	76.500
4.56949	1.59509	2.74426	9.00000	6.50000	7.40	78.100
4.57522	1.59238	2.74357	9.10000	6.50000	7.40	85.200
4.57199	1.59711	2.74560	9.20000	6.50000	7.40	78.000
4.57433	1.59462	2.74101	9.30000	6.50000	7.40	77.300
2.91227	2.72856	4.63494	9.40000	6.50000	7.40	70.800
2.90657	2.72948	4.62978	9.50000	6.50000	7.40	76.500
2.90443	2.73306	4.63678	9.60000	6.50000	7.40	73.400
2.91592	2.72643	4.63664	9.70000	6.50000	7.40	75.400
2.90225	2.72673	4.62209	9.80000	6.50000	7.40	62.900
2.90225	2.72673	4.62209	9.90000	6.50000	7.40	66.300
4.58835	1.59788	2.76241	10.00000	6.50000	7.40	58.000
4.59005	1.61363	2.74672	6.00000	6.60000	7.40	63.900
4.60782	1.59822	2.75496	6.10000	6.60000	7.40	64.900
4.60610	1.59953	2.75269	6.20000	6.60000	7.40	68.200
4.60036	1.59189	2.76287	6.30000	6.60000	7.40	64.500
4.61175	1.59066	2.75956	6.40000	6.60000	7.40	64.100
4.60656	1.59039	2.76287	6.50000	6.60000	7.40	62.600
4.60025	1.59589	2.76385	6.60000	6.60000	7.40	56.200
6.12388	0.37842	3.19739	6.70000	6.60000	7.40	56.900
6.02417	0.39766	3.26822	6.80000	6.60000	7.40	55.100
2.88817	2.74178	4.58809	6.90000	6.60000	7.40	56.500
3.02429	1.16535	1.52110	7.00000	6.60000	7.40	63.600
2.92377	2.73518	4.62666	7.10000	6.60000	7.40	67.600
2.92494	2.73633	4.62640	7.20000	6.60000	7.40	72.400
2.92946	2.73380	4.63364	7.30000	6.60000	7.40	73.100
2.91845	2.72762	4.61376	7.40000	6.60000	7.40	56.000
4.63628	1.58607	2.80370	7.50000	6.60000	7.40	64.800
4.63477	1.57934	2.79930	7.60000	6.60000	7.40	63.800
4.64493	1.57461	2.79275	7.70000	6.60000	7.40	66.600
4.64299	1.57861	2.79211	7.80000	6.60000	7.40	61.600
4.65017	1.58473	2.78981	7.90000	6.60000	7.40	62.100
4.58823	1.61077	2.77035	8.00000	6.60000	7.40	62.400
4.58689	1.59733	2.77434	8.10000	6.60000	7.40	64.400
4.59722	1.59789	2.77190	8.20000	6.60000	7.40	74.400
4.59029	1.59540	2.76831	8.30000	6.60000	7.40	75.100
4.58775	1.59822	2.76460	8.40000	6.60000	7.40	76.500
4.59066	1.59298	2.76438	8.50000	6.60000	7.40	80.800
4.58302	1.59721	2.75278	8.60000	6.60000	7.40	72.700
2.95937	2.74640	4.65891	8.70000	6.60000	7.40	77.800
2.94991	2.73913	4.65388	8.80000	6.60000	7.40	78.200
4.57664	1.59513	2.74447	8.90000	6.60000	7.40	79.900
2.95012	2.74250	4.65129	9.00000	6.60000	7.40	76.800
4.58064	1.59566	2.74339	9.10000	6.60000	7.40	81.700
4.56950	1.59506	2.74428	9.20000	6.60000	7.40	80.700
2.95550	2.74184	4.66185	9.30000	6.60000	7.40	78.500
2.93292	2.73307	4.65095	9.40000	6.60000	7.40	70.100
2.90602	2.73291	4.63440	9.50000	6.60000	7.40	70.800
2.90886	2.72316	4.63863	9.60000	6.60000	7.40	78.900
2.94084	2.72884	4.66281	9.70000	6.60000	7.40	75.400
2.99905	1.14457	1.52924	9.80000	6.60000	7.40	56.600
4.59571	1.59255	2.75968	9.90000	6.60000	7.40	54.400
4.58931	1.59370	2.76293	10.00000	6.60000	7.40	63.600
4.59635	1.60792	2.75086	6.00000	6.70000	7.40	65.100
4.60692	1.59815	2.75370	6.10000	6.70000	7.40	62.100
4.59649	1.60392	2.76246	6.20000	6.70000	7.40	68.100
4.59636	1.59436	2.76426	6.30000	6.70000	7.40	69.000
4.60195	1.59922	2.75258	6.40000	6.70000	7.40	69.900
4.60242	1.59814	2.76243	6.50000	6.70000	7.40	65.700
4.59557	1.60134	2.75482	6.60000	6.70000	7.40	63.000
2.94300	2.75750	4.62094	6.70000	6.70000	7.40	57.800
2.94819	2.75215	4.62979	6.80000	6.70000	7.40	56.900
2.93239	2.74398	4.63025	6.90000	6.70000	7.40	60.000
4.57538	1.61293	2.73981	7.00000	6.70000	7.40	65.400
4.57257	1.61028	2.73830	7.10000	6.70000	7.40	68.500
4.57043	1.60297	2.73662	7.20000	6.70000	7.40	70.500
4.57044	1.60313	2.73664	7.30000	6.70000	7.40	70.500
4.63535	1.56819	2.81048	7.40000	6.70000	7.40	60.100
4.63682	1.57648	2.80020	7.50000	6.70000	7.40	68.300
4.63587	1.58289	2.79878	7.60000	6.70000	7.40	70.200
4.64348	1.57755	2.78955	7.70000	6.70000	7.40	77.000
4.63976	1.58429	2.78755	7.80000	6.70000	7.40	69.000
4.64061	1.58619	2.78944	7.90000	6.70000	7.40	61.100
4.64079	1.58893	2.78727	8.00000	6.70000	7.40	57.600
4.59488	1.60146	2.76179	8.10000	6.70000	7.40	72.800
4.59194	1.60062	2.77062	8.20000	6.70000	7.40	67.300
4.59030	1.59553	2.76833	8.30000	6.70000	7.40	71.500
4.58727	1.59472	2.76405	8.40000	6.70000	7.40	77.500
4.58692	1.59068	2.76270	8.50000	6.70000	7.40	76.900
4.58123	1.59958	2.75490	8.60000	6.70000	7.40	73.600
4.58023	1.59997	2.75390	8.70000	6.70000	7.40	71.800
2.95012	2.74250	4.65129	8.80000	6.70000	7.40	81.600
4.57911	1.59158	2.74276	8.90000	6.70000	7.40	79.200
4.57954	1.59277	2.74232	9.00000	6.70000	7.40	80.700
4.57522	1.59238	2.74357	9.10000	6.70000	7.40	79.600
2.95691	2.74078	4.65970	9.20000	6.70000	7.40	81.400
2.94950	2.73963	4.65262	9.30000	6.70000	7.40	82.400
2.92520	2.73226	4.64628	9.40000	6.70000	7.40	72.700
2.91170	2.72912	4.64153	9.50000	6.70000	7.40	72.200
2.92039	2.72678	4.64671	9.60000	6.70000	7.40	70.100
2.92023	2.73085	4.64702	9.70000	6.70000	7.40	65.800
2.90871	2.73012	4.61021	9.80000	6.70000	7.40	60.000
4.58931	1.59417	2.76044	9.90000	6.70000	7.40	65.000
6.16612	0.36112	3.18345	10.00000	6.70000	7.40	70.000
4.60462	1.60788	2.74925	6.00000	6.80000	7.40	62.100
4.59504	1.60491	2.75912	6.10000	6.80000	7.40	67.700
4.59747	1.59891	2.75657	6.20000	6.80000	7.40	72.500
4.60267	1.59746	2.75888	6.30000	6.80000	7.40	71.800
4.58862	1.59884	2.76356	6.40000	6.80000	7.40	67.600
4.59385	1.59891	2.76572	6.50000	6.80000	7.40	75.300
4.60707	1.59491	2.75741	6.60000	6.80000	7.40	70.400
4.59595	1.59622	2.75913	6.70000	6.80000	7.40	64.200
4.59074	1.60276	2.75004	6.80000	6.80000	7.40	62.900
4.58276	1.60502	2.76100	6.90000	6.80000	7.40	61.700
4.57723	1.61780	2.74966	7.00000	6.80000	7.40	66.600
4.57694	1.60249	2.74463	7.10000	6.80000	7.40	68.000
4.57213	1.60532	2.73750	7.20000	6.80000	7.40	74.000
4.57152	1.60532	2.73057	7.30000	6.80000	7.40	70.900
4.63066	1.57634	2.80793	7.40000	6.80000	7.40	62.100
4.63953	1.57735	2.79828	7.50000	6.80000	7.40	71.900
4.63780	1.58013	2.80052	7.60000	6.80000	7.40	78.300
4.63862	1.58551	2.79693	7.70000	6.80000	7.40	69.900
4.63983	1.57916	2.80003	7.80000	6.80000	7.40	71.800
4.64025	1.58435	2.79437	7.90000	6.80000	7.40	70.900
4.64064	1.58662	2.79211	8.00000	6.80000	7.40	68.200
6.16810	0.35324	3.19251	8.10000	6.80000	7.40	55.500
4.60323	1.60107	2.76768	8.20000	6.80000	7.40	71.100
4.59190	1.60044	2.77055	8.30000	6.80000	7.40	68.400
4.59594	1.59106	2.76764	8.40000	6.80000	7.40	75.000
4.58868	1.59308	2.76493	8.50000	6.80000	7.40	72.000
4.58139	1.60067	2.75672	8.60000	6.80000	7.40	69.300
4.58024	1.59997	2.75392	8.70000	6.80000	7.40	73.700
2.95691	2.74079	4.65970	8.80000	6.80000	7.40	82.300
4.57664	1.59513	2.74447	8.90000	6.80000	7.40	81.200
2.95921	2.74170	4.65940	9.00000	6.80000	7.40	79.600
2.95695	2.74083	4.65971	9.10000	6.80000	7.40	74.100
4.57664	1.59513	2.74447	9.20000	6.80000	7.40	78.100
4.57120	1.59527	2.74191	9.30000	6.80000	7.40	81.600
2.92324	2.74096	4.64261	9.40000	6.80000	7.40	71.100
2.92851	2.73027	4.64731	9.50000	6.80000	7.40	70.300
2.93883	2.72518	4.66019	9.60000	6.80000	7.40	72.000
2.90321	2.72887	4.62460	9.70000	6.80000	7.40	60.200
6.09503	0.37366	3.22420	9.80000	6.80000	7.40	57.900
4.59130	1.59732	2.76938	9.90000	6.80000	7.40	61.800
6.16612	0.36112	3.18345	10.00000	6.80000	7.40	59.700
4.60404	1.60169	2.75314	6.00000	6.90000	7.40	70.000
4.60850	1.59498	2.75585	6.10000	6.90000	7.40	69.400
4.59549	1.59875	2.75654	6.20000	6.90000	7.40	76.200
4.59929	1.59903	2.76110	6.30000	6.90000	7.40	77.700
4.59870	1.59695	2.76456	6.40000	6.90000	7.40	74.800
4.59326	1.59990	2.76032	6.50000	6.90000	7.40	72.500
4.59510	1.60620	2.75968	6.60000	6.90000	7.40	71.900
4.58827	1.60611	2.75992	6.70000	6.90000	7.40	72.800
4.58536	1.60751	2.76219	6.80000	6.90000	7.40	72.300
4.58368	1.60477	2.75959	6.90000	6.90000	7.40	72.800
4.58013	1.61086	2.75004	7.00000	6.90000	7.40	69.000
4.57658	1.61086	2.75014	7.10000	6.90000	7.40	66.100
4.57588	1.59988	2.74446	7.20000	6.90000	7.40	77.200
2.91164	2.73509	4.61746	7.30000	6.90000	7.40	65.100
4.64113	1.57491	2.80590	7.40000	6.90000	7.40	63.600
4.63459	1.58045	2.80389	7.50000	6.90000	7.40	75.000
4.63426	1.58339	2.80670	7.60000	6.90000	7.40	74.500
4.63593	1.58082	2.80448	7.70000	6.90000	7.40	78.000
4.63759	1.58266	2.79888	7.80000	6.90000	7.40	73.300
4.63495	1.58121	2.80402	7.90000	6.90000	7.40	75.300
4.63585	1.58417	2.79280	8.00000	6.90000	7.40	72.000
4.64208	1.58689	2.79198	8.10000	6.90000	7.40	64.900
6.20517	1.92855	0.02982	8.20000	6.90000	7.40	56.700
2.96276	2.77056	4.63508	8.30000	6.90000	7.40	64.300
4.59192	1.60046	2.77058	8.40000	6.90000	7.40	67.100
4.59020	1.59981	2.76740	8.50000	6.90000	7.40	72.900
4.59351	1.59230	2.75366	8.60000	6.90000	7.40	74.200
2.97513	2.74329	4.67026	8.70000	6.90000	7.40	78.500
4.57664	1.59513	2.74447	8.80000	6.90000	7.40	79.300
2.95691	2.74079	4.65970	8.90000	6.90000	7.40	80.100
4.57523	1.59242	2.74359	9.00000	6.90000	7.40	80.500
4.56993	1.59246	2.74490	9.10000	6.90000	7.40	78.100
4.57664	1.59513	2.74447	9.20000	6.90000	7.40	79.400
2.95694	2.73790	4.66175	9.30000	6.90000	7.40	79.100
4.56891	1.59767	2.74220	9.40000	6.90000	7.40	69.800
2.90517	2.72611	4.63112	9.50000	6.90000	7.40	71.900
2.89170	2.72849	4.61776	9.60000	6.90000	7.40	65.400
6.15020	1.98232	0.05378	9.70000	6.90000	7.40	53.000
4.58940	1.60173	2.76895	9.80000	6.90000	7.40	60.900
4.59569	1.59642	2.76805	9.90000	6.90000	7.40	62.000
3.02630	2.78762	4.68831	10.00000	6.90000	7.40	63.700
4.60373	1.60202	2.75340	6.00000	7.00000	7.40	70.900
4.60214	1.60012	2.76236	6.10000	7.00000	7.40	72.500
4.59685	1.59714	2.76196	6.20000	7.00000	7.40	73.900
4.59239	1.59554	2.76492	6.30000	7.00000	7.40	80.800
4.59449	1.59593	2.76226	6.40000	7.00000	7.40	75.100
4.60376	1.59437	2.75777	6.50000	7.00000	7.40	72.700
4.60265	1.59585	2.75883	6.60000	7.00000	7.40	72.700
4.58535	1.60748	2.76217	6.70000	7.00000	7.40	74.900
4.59271	1.60035	2.75523	6.80000	7.00000	7.40	74.100
4.57983	1.60767	2.75336	6.90000	7.00000	7.40	78.100
4.58707	1.60686	2.75985	7.00000	7.00000	7.40	68.700
4.57489	1.61231	2.74869	7.10000	7.00000	7.40	68.600
4.57912	1.60928	2.74888	7.20000	7.00000	7.40	68.400
2.92493	2.72808	4.62805	7.30000	7.00000	7.40	62.100
4.64121	1.56780	2.80723	7.40000	7.00000	7.40	65.700
4.63510	1.57943	2.80350	7.50000	7.00000	7.40	73.000
4.63056	1.58603	2.80564	7.60000	7.00000	7.40	74.900
4.64335	1.57814	2.79675	7.70000	7.00000	7.40	76.800
4.64080	1.57908	2.80042	7.80000	7.00000	7.40	71.000
4.63745	1.58007	2.80076	7.90000	7.00000	7.40	73.700
4.64445	1.58480	2.79507	8.00000	7.00000	7.40	70.300
4.64651	1.57650	2.79038	8.10000	7.00000	7.40	73.200
4.63452	1.59241	2.79127	8.20000	7.00000	7.40	62.000
6.20509	1.92865	0.02978	8.30000	7.00000	7.40	63.000
4.59887	1.60064	2.77084	8.40000	7.00000	7.40	58.000
4.59376	1.59897	2.76464	8.50000	7.00000	7.40	71.000
4.58296	1.59506	2.76212	8.60000	7.00000	7.40	72.100
4.57835	1.59986	2.75245	8.70000	7.00000	7.40	72.700
4.57804	1.58830	2.74752	8.80000	7.00000	7.40	78.500
2.95012	2.74250	4.65129	8.90000	7.00000	7.40	80.000
4.57522	1.59238	2.74357	9.00000	7.00000	7.40	78.400
4.57664	1.59516	2.74446	9.10000	7.00000	7.40	78.800
4.57523	1.59242	2.74359	9.20000	7.00000	7.40	80.600
4.57524	1.59239	2.74359	9.30000	7.00000	7.40	78.000
2.96377	2.74071	4.66815	9.40000	7.00000	7.40	74.900
2.90810	2.72939	4.62979	9.50000	7.00000	7.40	71.400
2.90118	2.72375	4.62218	9.60000	7.00000	7.40	61.200
2.95308	2.76232	4.63510	9.70000	7.00000	7.40	53.500
4.59442	1.60265	2.77055	9.80000	7.00000	7.40	63.600
6.14363	0.36998	3.19461	9.90000	7.00000	7.40	55.600
4.62706	1.58262	2.78995	10.00000	7.00000	7.40	61.800
4.60428	1.59624	2.76044	6.00000	7.10000	7.40	75.300
4.59418	1.60619	2.75862	6.10000	7.10000	7.40	74.600
4.60017	1.60145	2.75935	6.20000	7.10000	7.40	76.600
4.60023	1.60132	2.75944	6.30000	7.10000	7.40	75.100
4.59842	1.59806	2.75781	6.40000	7.10000	7.40	77.300
4.58863	1.59877	2.76357	6.50000	7.10000	7.40	74.700
4.59858	1.60156	2.76177	6.60000	7.10000	7.40	69.700
4.58390	1.60715	2.76040	6.70000	7.10000	7.40	77.600
4.58397	1.60729	2.76049	6.80000	7.10000	7.40	76.600
4.58396	1.60710	2.76047	6.90000	7.10000	7.40	76.200
4.58352	1.60882	2.75845	7.00000	7.10000	7.40	74.000
4.58033	1.61507	2.75409	7.10000	7.10000	7.40	72.700
4.57668	1.61668	2.74884	7.20000	7.10000	7.40	70.200
4.56388	1.61761	2.74516	7.30000	7.10000	7.40	63.900
4.63548	1.58020	2.80841	7.40000	7.10000	7.40	62.800
4.63308	1.58033	2.80202	7.50000	7.10000	7.40	73.700
4.63285	1.58059	2.80435	7.60000	7.10000	7.40	79.600
4.63851	1.58597	2.80074	7.70000	7.10000	7.40	76.300
4.63292	1.58441	2.80240	7.80000	7.10000	7.40	79.200
4.63973	1.58669	2.79904	7.90000	7.10000	7.40	75.400
4.63886	1.58152	2.80217	8.00000	7.10000	7.40	73.200
4.63961	1.57913	2.80108	8.10000	7.10000	7.40	73.900
4.64074	1.58631	2.79690	8.20000	7.10000	7.40	65.000
3.02720	2.78894	4.66732	8.30000	7.10000	7.40	60.100
6.19242	1.93952	0.03997	8.40000	7.10000	7.40	56.900
4.59842	1.60041	2.76824	8.50000	7.10000	7.40	69.100
4.58253	1.59648	2.75782	8.60000	7.10000	7.40	71.700
4.58177	1.59975	2.75257	8.70000	7.10000	7.40	73.700
2.95003	2.74248	4.65121	8.80000	7.10000	7.40	76.700
4.57907	1.59181	2.74808	8.90000	7.10000	7.40	76.200
4.57522	1.59240	2.74356	9.00000	7.10000	7.40	81.900
4.57522	1.59238	2.74357	9.10000	7.10000	7.40	81.100
2.95003	2.74249	4.65120	9.20000	7.10000	7.40	84.300
2.95012	2.74250	4.65129	9.30000	7.10000	7.40	77.700
2.95690	2.73949	4.66152	9.40000	7.10000	7.40	80.400
2.91702	2.73136	4.63382	9.50000	7.10000	7.40	71.600
6.16183	1.97309	0.05094	9.60000	7.10000	7.40	53.500
4.60433	1.60112	2.76594	9.70000	7.10000	7.40	64.300
4.59616	1.60030	2.77052	9.80000	7.10000	7.40	62.100
4.63298	1.58576	2.78100	9.90000	7.10000	7.40	58.000
4.62912	1.58129	2.79250	10.00000	7.10000	7.40	65.800
4.60784	1.59387	2.75836	6.00000	7.20000	7.40	71.800
4.60288	1.59425	2.76220	6.10000	7.20000	7.40	79.300
4.58827	1.60045	2.76446	6.20000	7.20000	7.40	76.400
4.58772	1.59825	2.76457	6.30000	7.20000	7.40	75.500
4.59389	1.59699	2.76217	6.40000	7.20000	7.40	78.700
4.59533	1.60135	2.75926	6.50000	7.20000	7.40	76.000
4.59547	1.60133	2.75943	6.60000	7.20000	7.40	75.400
4.58859	1.60913	2.76280	6.70000	7.20000	7.40	78.900
4.58391	1.60726	2.76042	6.80000	7.20000	7.40	82.100
4.58398	1.60730	2.76051	6.90000	7.20000	7.40	83.000
4.57996	1.60762	2.75351	7.00000	7.20000	7.40	77.300
4.58210	1.61284	2.75669	7.10000	7.20000	7.40	74.100
4.58274	1.61706	2.75920	7.20000	7.20000	7.40	71.400
4.58131	1.61522	2.74572	7.30000	7.20000	7.40	60.800
4.63725	1.57892	2.80874	7.40000	7.20000	7.40	70.800
4.64413	1.57949	2.79777	7.50000	7.20000	7.40	73.200
4.63298	1.58046	2.80452	7.60000	7.20000	7.40	75.000
4.63499	1.58525	2.80034	7.70000	7.20000	7.40	79.500
4.64089	1.58477	2.79290	7.80000	7.20000	7.40	74.900
4.63746	1.58466	2.79911	7.90000	7.20000	7.40	78.100
4.64046	1.58325	2.80006	8.00000	7.20000	7.40	72.700
4.63996	1.58266	2.79733	8.10000	7.20000	7.40	76.800
4.64663	1.58372	2.78891	8.20000	7.20000	7.40	71.200
4.63900	1.58869	2.79569	8.30000	7.20000	7.40	64.100
4.64464	1.58687	2.79431	8.40000	7.20000	7.40	58.400
6.10041	0.37354	3.22513	8.50000	7.20000	7.40	58.700
4.58620	1.59518	2.75788	8.60000	7.20000	7.40	65.600
4.58024	1.59997	2.75392	8.70000	7.20000	7.40	72.000
4.58049	1.58829	2.74696	8.80000	7.20000	7.40	80.600
4.57664	1.59513	2.74447	8.90000	7.20000	7.40	83.600
4.57907	1.59185	2.74807	9.00000	7.20000	7.40	78.400
4.57798	1.58845	2.74742	9.10000	7.20000	7.40	81.800
4.57524	1.59239	2.74360	9.20000	7.20000	7.40	79.000
2.96294	2.74341	4.66538	9.30000	7.20000	7.40	77.900
4.57355	1.59112	2.74072	9.40000	7.20000	7.40	80.400
2.95857	2.73580	4.66616	9.50000	7.20000	7.40	68.300
3.04589	1.17843	1.53243	9.60000	7.20000	7.40	56.200
4.59554	1.60037	2.76637	9.70000	7.20000	7.40	62.100
4.60755	1.59151	2.77311	9.80000	7.20000	7.40	57.600
4.62413	1.58475	2.78049	9.90000	7.20000	7.40	71.700
4.63108	1.57925	2.79874	10.00000	7.20000	7.40	62.900
4.61445	1.59774	2.76341	6.00000	7.30000	7.40	72.000
4.61089	1.59867	2.76414	6.10000	7.30000	7.40	76.500
4.60790	1.59197	2.75916	6.20000	7.30000	7.40	72.200
4.59353	1.59709	2.76668	6.30000	7.30000	7.40	80.700
4.60028	1.60144	2.75950	6.40000	7.30000	7.40	78.400
4.59921	1.59241	2.76082	6.50000	7.30000	7.40	78.100
4.60405	1.60170	2.75315	6.60000	7.30000	7.40	75.300
4.59296	1.60636	2.75457	6.70000	7.30000	7.40	74.700
4.58396	1.60714	2.76048	6.80000	7.30000	7.40	77.600
4.58042	1.60623	2.75278	6.90000	7.30000	7.40	79.500
4.58123	1.61193	2.75165	7.00000	7.30000	7.40	76.300
4.58194	1.60727	2.75222	7.10000	7.30000	7.40	76.500
4.58528	1.61878	2.75738	7.20000	7.30000	7.40	70.900
4.59171	1.61636	2.75383	7.30000	7.30000	7.40	62.100
4.64102	1.57886	2.80055	7.40000	7.30000	7.40	60.100
4.64039	1.57786	2.78926	7.50000	7.30000	7.40	76.600
4.64070	1.58311	2.79654	7.60000	7.30000	7.40	76.300
4.64220	1.58581	2.79777	7.70000	7.30000	7.40	77.900
4.63668	1.58546	2.79900	7.80000	7.30000	7.40	78.700
4.63557	1.58754	2.80506	7.90000	7.30000	7.40	78.500
4.63714	1.58039	2.80294	8.00000	7.30000	7.40	70.400
4.63887	1.58423	2.80101	8.10000	7.30000	7.40	78.300
4.64631	1.58087	2.78840	8.20000	7.30000	7.40	73.600
4.64067	1.58641	2.79681	8.30000	7.30000	7.40	75.100
4.63848	1.58849	2.79242	8.40000	7.30000	7.40	68.700
4.64605	1.59238	2.79146	8.50000	7.30000	7.40	58.400
4.58149	1.59838	2.75651	8.60000	7.30000	7.40	61.700
4.57907	1.59181	2.74808	8.70000	7.30000	7.40	77.800
4.57664	1.59513	2.74447	8.80000	7.30000	7.40	81.600
4.57804	1.58830	2.74752	8.90000	7.30000	7.40	73.400
4.57726	1.59599	2.74232	9.00000	7.30000	7.40	79.500
4.57652	1.59178	2.74542	9.10000	7.30000	7.40	78.800
4.57524	1.59239	2.74359	9.20000	7.30000	7.40	81.900
4.57652	1.59283	2.73793	9.30000	7.30000	7.40	81.000
4.57264	1.59143	2.73971	9.40000	7.30000	7.40	77.300
2.94069	2.73233	4.64923	9.50000	7.30000	7.40	68.800
6.08526	0.38291	3.23110	9.60000	7.30000	7.40	57.100
4.61083	1.58644	2.77531	9.70000	7.30000	7.40	62.100
4.61773	1.58598	2.77782	9.80000	7.30000	7.40	60.700
4.62292	1.57895	2.78105	9.90000	7.30000	7.40	71.300
4.63911	1.57767	2.79301	10.00000	7.30000	7.40	57.600
4.60220	1.59934	2.76875	6.00000	7.40000	7.40	69.800
4.61421	1.59492	2.76256	6.10000	7.40000	7.40	78.900
4.60870	1.59782	2.76421	6.20000	7.40000	7.40	71.500
4.60801	1.59624	2.75891	6.30000	7.40000	7.40	75.300
4.59429	1.59820	2.75876	6.40000	7.40000	7.40	75.600
4.60190	1.59324	2.76032	6.50000	7.40000	7.40	80.100
4.59258	1.59462	2.76577	6.60000	7.40000	7.40	76.400
4.58798	1.60472	2.75757	6.70000	7.40000	7.40	77.500
4.58390	1.60719	2.76040	6.80000	7.40000	7.40	77.800
4.58511	1.60502	2.76005	6.90000	7.40000	7.40	76.300
4.58391	1.60721	2.76042	7.00000	7.40000	7.40	79.800
4.59065	1.60584	2.75342	7.10000	7.40000	7.40	75.700
4.58062	1.61993	2.75688	7.20000	7.40000	7.40	74.700
4.59560	1.61320	2.76041	7.30000	7.40000	7.40	58.500
4.64085	1.57953	2.80437	7.40000	7.40000	7.40	77.300
4.63585	1.58042	2.80108	7.50000	7.40000	7.40	73.700
4.63689	1.58064	2.80585	7.60000	7.40000	7.40	77.500
4.63410	1.58420	2.80482	7.70000	7.40000	7.40	77.300
4.63799	1.58574	2.80438	7.80000	7.40000	7.40	77.600
4.64038	1.58339	2.79996	7.90000	7.40000	7.40	74.500
4.64243	1.57928	2.79248	8.00000	7.40000	7.40	74.600
4.63783	1.58568	2.80120	8.10000	7.40000	7.40	77.200
4.63641	1.58338	2.80598	8.20000	7.40000	7.40	77.500
4.64685	1.58083	2.79792	8.30000	7.40000	7.40	78.600
4.63931	1.58416	2.79778	8.40000	7.40000	7.40	71.000
4.64364	1.58400	2.79147	8.50000	7.40000	7.40	61.700
4.57387	1.59836	2.75619	8.60000	7.40000	7.40	61.500
4.58399	1.58873	2.74838	8.70000	7.40000	7.40	77.400
4.57577	1.59208	2.74405	8.80000	7.40000	7.40	80.800
4.57664	1.59513	2.74447	8.90000	7.40000	7.40	82.300
4.57664	1.59513	2.74447	9.00000	7.40000	7.40	81.200
2.95012	2.74250	4.65129	9.10000	7.40000	7.40	78.500
2.95012	2.74250	4.65129	9.20000	7.40000	7.40	82.400
2.95860	2.73779	4.66128	9.30000	7.40000	7.40	78.400
2.95694	2.73790	4.66175	9.40000	7.40000	7.40	77.100
2.94250	2.73229	4.64278	9.50000	7.40000	7.40	62.300
3.00056	2.77679	4.67235	9.60000	7.40000	7.40	61.000
4.62212	1.58148	2.77572	9.70000	7.40000	7.40	67.100
4.61736	1.58175	2.77713	9.80000	7.40000	7.40	62.900
4.62692	1.58173	2.77996	9.90000	7.40000	7.40	58.300
4.63728	1.57471	2.80058	10.00000	7.40000	7.40	68.600
4.61089	1.59633	2.76263	6.00000	7.50000	7.40	72.700
4.60524	1.59684	2.76577	6.10000	7.50000	7.40	79.200
4.61800	1.59785	2.76155	6.20000	7.50000	7.40	79.000
4.60040	1.59706	2.77001	6.30000	7.50000	7.40	77.600
4.60692	1.59664	2.76468	6.40000	7.50000	7.40	77.500
4.59540	1.60200	2.75977	6.50000	7.50000	7.40	81.300
4.60452	1.59737	2.75409	6.60000	7.50000	7.40	77.800
4.59813	1.60171	2.75592	6.70000	7.50000	7.40	80.500
4.58553	1.60338	2.75676	6.80000	7.50000	7.40	76.500
4.58064	1.61271	2.74769	6.90000	7.50000	7.40	77.400
4.58064	1.61272	2.74768	7.00000	7.50000	7.40	79.100
4.58019	1.61043	2.75574	7.10000	7.50000	7.40	74.900
4.58406	1.61274	2.75508	7.20000	7.50000	7.40	68.900
4.60303	1.61921	2.75821	7.30000	7.50000	7.40	58.500
4.64160	1.58263	2.80008	7.40000	7.50000	7.40	57.600
4.63837	1.57756	2.79996	7.50000	7.50000	7.40	75.500
4.63255	1.58579	2.80430	7.60000	7.50000	7.40	78.200
4.63746	1.58287	2.80267	7.70000	7.50000	7.40	76.200
4.63837	1.57756	2.79996	7.80000	7.50000	7.40	70.800
4.63466	1.58119	2.80268	7.90000	7.50000	7.40	73.500
4.64082	1.57908	2.80044	8.00000	7.50000	7.40	75.800
4.63789	1.58571	2.80128	8.10000	7.50000	7.40	69.700
4.63514	1.58085	2.80395	8.20000	7.50000	7.40	75.100
4.64563	1.57995	2.79974	8.30000	7.50000	7.40	75.800
4.64189	1.58474	2.79797	8.40000	7.50000	7.40	75.800
4.63962	1.58692	2.78823	8.50000	7.50000	7.40	63.300
4.56882	1.60248	2.75162	8.60000	7.50000	7.40	56.600
4.58321	1.59803	2.75119	8.70000	7.50000	7.40	76.100
2.96646	2.74587	4.66778	8.80000	7.50000	7.40	80.500
4.57522	1.59238	2.74357	8.90000	7.50000	7.40	75.500
2.95012	2.74250	4.65129	9.00000	7.50000	7.40	82.400
4.57522	1.59238	2.74357	9.10000	7.50000	7.40	79.600
4.57264	1.59146	2.73972	9.20000	7.50000	7.40	83.600
2.95684	2.73931	4.66147	9.30000	7.50000	7.40	79.600
2.95687	2.73789	4.66168	9.40000	7.50000	7.40	70.000
6.06249	0.40001	3.23177	9.50000	7.50000	7.40	54.100
2.97813	2.77932	4.64897	9.60000	7.50000	7.40	59.100
4.62216	1.58649	2.77175	9.70000	7.50000	7.40	64.000
4.61524	1.58416	2.77572	9.80000	7.50000	7.40	64.600
4.60596	1.58469	2.78403	9.90000	7.50000	7.40	56.300
4.64633	1.58422	2.79345	10.00000	7.50000	7.40	59.100
4.61202	1.59430	2.76520	6.00000	7.60000	7.40	71.500
4.62135	1.59770	2.75284	6.10000	7.60000	7.40	70.800
4.62134	1.59752	2.75600	6.20000	7.60000	7.40	72.200
4.61075	1.59970	2.76313	6.30000	7.60000	7.40	71.100
4.60035	1.59597	2.76728	6.40000	7.60000	7.40	76.500
4.59749	1.60336	2.75719	6.50000	7.60000	7.40	77.300
4.59640	1.60295	2.76226	6.60000	7.60000	7.40	81.400
4.58167	1.60667	2.75546	6.70000	7.60000	7.40	78.700
4.58803	1.60330	2.74917	6.80000	7.60000	7.40	81.000
4.58478	1.60885	2.75288	6.90000	7.60000	7.40	81.400
4.58157	1.60803	2.74745	7.00000	7.60000	7.40	78.300
4.58579	1.61466	2.74149	7.10000	7.60000	7.40	77.500
4.58066	1.61996	2.75694	7.20000	7.60000	7.40	66.300
6.03362	0.38318	3.28299	7.30000	7.60000	7.40	58.500
4.63448	1.58966	2.79549	7.40000	7.60000	7.40	65.100
4.64421	1.58587	2.80041	7.50000	7.60000	7.40	75.500
4.63665	1.58472	2.80189	7.60000	7.60000	7.40	74.300
4.63837	1.57756	2.79996	7.70000	7.60000	7.40	76.200
4.63568	1.58409	2.79761	7.80000	7.60000	7.40	77.700
4.63687	1.58529	2.79923	7.90000	7.60000	7.40	78.200
4.63830	1.58377	2.78911	8.00000	7.60000	7.40	76.500
4.64038	1.58561	2.80094	8.10000	7.60000	7.40	75.500
4.63298	1.58050	2.80452	8.20000	7.60000	7.40	77.000
4.63793	1.58567	2.80133	8.30000	7.60000	7.40	78.400
4.63733	1.59188	2.79803	8.40000	7.60000	7.40	75.700
4.63685	1.59075	2.79694	8.50000	7.60000	7.40	61.500
4.57185	1.59682	2.75283	8.60000	7.60000	7.40	60.200
4.57907	1.59181	2.74808	8.70000	7.60000	7.40	72.700
2.94963	2.73791	4.65382	8.80000	7.60000	7.40	77.600
4.57355	1.59108	2.74073	8.90000	7.60000	7.40	84.300
2.95698	2.74080	4.65977	9.00000	7.60000	7.40	82.100
4.57541	1.59131	2.73906	9.10000	7.60000	7.40	77.900
4.57435	1.59459	2.74104	9.20000	7.60000	7.40	76.300
2.95937	2.73507	4.66654	9.30000	7.60000	7.40	70.300
2.94086	2.73736	4.63630	9.40000	7.60000	7.40	64.200
6.17520	0.36750	3.15271	9.50000	7.60000	7.40	50.500
4.62921	1.58483	2.77834	9.60000	7.60000	7.40	65.700
4.62062	1.58261	2.77611	9.70000	7.60000	7.40	67.300
4.61067	1.58180	2.78515	9.80000	7.60000	7.40	69.800
4.62924	1.58408	2.77377	9.90000	7.60000	7.40	63.900
4.64049	1.57181	2.80240	10.00000	7.60000	7.40	56.800
4.61456	1.59937	2.76502	6.00000	7.70000	7.40	70.100
4.61201	1.59434	2.76519	6.10000	7.70000	7.40	72.600
4.61189	1.59653	2.76152	6.20000	7.70000	7.40	75.600
4.61964	1.59735	2.76123	6.30000	7.70000	7.40	73.500
4.60627	1.59625	2.76302	6.40000	7.70000	7.40	80.100
4.59955	1.60271	2.75523	6.50000	7.70000	7.40	79.700
4.59660	1.59963	2.75995	6.60000	7.70000	7.40	81.100
4.58553	1.60338	2.75676	6.70000	7.70000	7.40	77.000
4.58335	1.60356	2.75862	6.80000	7.70000	7.40	82.800
4.58066	1.61258	2.74772	6.90000	7.70000	7.40	77.300
4.59061	1.61042	2.73873	7.00000	7.70000	7.40	72.500
4.58964	1.61000	2.75108	7.10000	7.70000	7.40	73.500
4.58127	1.61748	2.75848	7.20000	7.70000	7.40	67.300
6.04738	0.37646	3.27673	7.30000	7.70000	7.40	50.300
4.63998	1.58879	2.79201	7.40000	7.70000	7.40	63.100
4.63883	1.58147	2.80212	7.50000	7.70000	7.40	68.300
4.64211	1.58482	2.79269	7.60000	7.70000	7.40	78.800
4.63878	1.58155	2.80182	7.70000	7.70000	7.40	71.800
4.63478	1.58478	2.80826	7.80000	7.70000	7.40	76.600
4.63479	1.58105	2.80284	7.90000	7.70000	7.40	75.800
4.63798	1.58341	2.80461	8.00000	7.70000	7.40	80.800
4.63799	1.58445	2.78953	8.10000	7.70000	7.40	80.600
4.63452	1.58412	2.80572	8.20000	7.70000	7.40	76.900
4.64236	1.58566	2.79798	8.30000	7.70000	7.40	76.000
4.63790	1.58557	2.80128	8.40000	7.70000	7.40	76.200
4.63966	1.58279	2.79085	8.50000	7.70000	7.40	70.200
4.56714	1.59638	2.74475	8.60000	7.70000	7.40	54.900
4.57806	1.58832	2.74754	8.70000	7.70000	7.40	75.100
4.57577	1.59208	2.74405	8.80000	7.70000	7.40	79.900
4.57433	1.59458	2.74101	8.90000	7.70000	7.40	80.800
2.95687	2.73789	4.66168	9.00000	7.70000	7.40	76.400
4.57264	1.59143	2.73971	9.10000	7.70000	7.40	79.700
2.94957	2.73583	4.65282	9.20000	7.70000	7.40	74.900
2.95154	2.72087	4.64132	9.30000	7.70000	7.40	62.100
2.95947	2.74072	4.63910	9.40000	7.70000	7.40	56.400
4.60912	1.58663	2.77156	9.50000	7.70000	7.40	65.000
4.61627	1.58383	2.77803	9.60000	7.70000	7.40	68.600
4.61781	1.58428	2.77667	9.70000	7.70000	7.40	70.700
4.61839	1.58253	2.77298	9.80000	7.70000	7.40	72.500
4.62235	1.58235	2.77306	9.90000	7.70000	7.40	61.200
4.63547	1.57402	2.80646	10.00000	7.70000	7.40	61.000
4.61102	1.59444	2.76201	6.00000	7.80000	7.40	71.100
4.61898	1.59580	2.75978	6.10000	7.80000	7.40	71.300
4.61679	1.59863	2.75724	6.20000	7.80000	7.40	76.700
4.61326	1.59444	2.76571	6.30000	7.80000	7.40	78.500
4.60932	1.59757	2.75699	6.40000	7.80000	7.40	77.700
4.59897	1.59784	2.75845	6.50000	7.80000	7.40	80.800
4.58558	1.59935	2.76111	6.60000	7.80000	7.40	78.200
4.58759	1.60324	2.75686	6.70000	7.80000	7.40	80.100
4.57941	1.61177	2.75393	6.80000	7.80000	7.40	76.200
4.57967	1.60932	2.73891	6.90000	7.80000	7.40	75.400
4.58119	1.61144	2.75109	7.00000	7.80000	7.40	73.500
4.58124	1.61973	2.75531	7.10000	7.80000	7.40	79.000
4.59458	1.62044	2.75404	7.20000	7.80000	7.40	59.900
6.11784	0.36352	3.23504	7.30000	7.80000	7.40	56.400
4.63527	1.58526	2.79622	7.40000	7.80000	7.40	64.100
4.63350	1.58253	2.80410	7.50000	7.80000	7.40	69.000
4.64249	1.58187	2.79914	7.60000	7.80000	7.40	75.500
4.64047	1.57818	2.79770	7.70000	7.80000	7.40	74.700
4.63579	1.58085	2.80429	7.80000	7.80000	7.40	74.200
4.64314	1.58146	2.80069	7.90000	7.80000	7.40	75.500
4.63579	1.58085	2.80429	8.00000	7.80000	7.40	73.200
4.63789	1.58184	2.79962	8.10000	7.80000	7.40	75.500
4.63456	1.58165	2.79537	8.20000	7.80000	7.40	79.900
4.63736	1.57949	2.79580	8.30000	7.80000	7.40	77.300
4.63993	1.58275	2.79729	8.40000	7.80000	7.40	76.100
4.63404	1.58530	2.80300	8.50000	7.80000	7.40	65.700
4.56729	1.59610	2.75215	8.60000	7.80000	7.40	54.600
2.95812	2.74088	4.66205	8.70000	7.80000	7.40	78.900
4.57263	1.59145	2.73970	8.80000	7.80000	7.40	80.900
4.57357	1.59110	2.74075	8.90000	7.80000	7.40	73.100
4.57112	1.59004	2.73752	9.00000	7.80000	7.40	76.400
4.57051	1.59650	2.73791	9.10000	7.80000	7.40	73.800
4.57055	1.60328	2.74389	9.20000	7.80000	7.40	59.900
6.17515	1.95403	0.04287	9.30000	7.80000	7.40	57.000
4.60648	1.60084	2.75064	9.40000	7.80000	7.40	58.400
4.61474	1.59492	2.76598	9.50000	7.80000	7.40	63.900
4.61625	1.58385	2.77801	9.60000	7.80000	7.40	68.700
4.61817	1.58327	2.76936	9.70000	7.80000	7.40	73.100
4.62177	1.58791	2.77474	9.80000	7.80000	7.40	67.700
4.61411	1.58758	2.78016	9.90000	7.80000	7.40	64.500
4.64659	1.57517	2.80152	10.00000	7.80000	7.40	59.000
4.61454	1.59927	2.76500	6.00000	7.90000	7.40	75.700
4.61800	1.59785	2.76155	6.10000	7.90000	7.40	72.900
4.61206	1.59441	2.76525	6.20000	7.90000	7.40	75.100
4.60348	1.60010	2.76812	6.30000	7.90000	7.40	76.600
4.59897	1.60005	2.75252	6.40000	7.90000	7.40	76.800
4.58487	1.60390	2.76050	6.50000	7.90000	7.40	79.100
4.58754	1.60311	2.75920	6.60000	7.90000	7.40	83.600
4.58797	1.60463	2.75756	6.70000	7.90000	7.40	76.900
4.57808	1.60807	2.75357	6.80000	7.90000	7.40	76.400
4.58400	1.60804	2.74408	6.90000	7.90000	7.40	78.100
4.57897	1.61685	2.73912	7.00000	7.90000	7.40	76.100
4.57832	1.60993	2.73165	7.10000	7.90000	7.40	76.200
4.59795	1.61563	2.73548	7.20000	7.90000	7.40	55.100
4.62323	1.59824	2.78414	7.30000	7.90000	7.40	59.100
4.64802	1.58415	2.79236	7.40000	7.90000	7.40	61.100
4.64050	1.58566	2.80111	7.50000	7.90000	7.40	66.800
4.63659	1.58327	2.80667	7.60000	7.90000	7.40	69.300
4.63820	1.57779	2.79976	7.70000	7.90000	7.40	74.700
4.64042	1.57836	2.79883	7.80000	7.90000	7.40	78.600
4.63996	1.59165	2.80133	7.90000	7.90000	7.40	71.200
4.63582	1.58094	2.80434	8.00000	7.90000	7.40	73.400
4.63837	1.57756	2.79996	8.10000	7.90000	7.40	76.900
4.64049	1.58336	2.80010	8.20000	7.90000	7.40	74.800
4.64934	1.58334	2.79449	8.30000	7.90000	7.40	71.900
4.63634	1.58328	2.80589	8.40000	7.90000	7.40	77.700
4.63790	1.58557	2.80128	8.50000	7.90000	7.40	70.800
4.56498	1.58886	2.74604	8.60000	7.90000	7.40	60.300
4.57435	1.59463	2.74103	8.70000	7.90000	7.40	73.500
4.57263	1.59145	2.73970	8.80000	7.90000	7.40	77.400
4.57285	1.59357	2.73861	8.90000	7.90000	7.40	80.600
2.95180	2.73279	4.65759	9.00000	7.90000	7.40	73.500
6.16619	1.98339	0.03427	9.10000	7.90000	7.40	62.300
2.95570	2.75077	4.62918	9.20000	7.90000	7.40	59.800
4.61810	1.60025	2.75909	9.30000	7.90000	7.40	62.000
4.60575	1.59774	2.76748	9.40000	7.90000	7.40	66.100
4.61206	1.58972	2.76395	9.50000	7.90000	7.40	66.300
4.61691	1.58298	2.77031	9.60000	7.90000	7.40	70.400
4.61326	1.58500	2.77698	9.70000	7.90000	7.40	69.400
4.61438	1.58654	2.77733	9.80000	7.90000	7.40	58.400
3.08399	1.21877	1.55298	9.90000	7.90000	7.40	50.800
4.63705	1.57148	2.80420	10.00000	7.90000	7.40	67.300
4.61889	1.59804	2.76201	6.00000	8.00000	7.40	71.300
4.61201	1.59434	2.76519	6.10000	8.00000	7.40	75.000
4.61201	1.59434	2.76519	6.20000	8.00000	7.40	75.500
4.61882	1.59593	2.75657	6.30000	8.00000	7.40	72.700
4.60222	1.59794	2.75342	6.40000	8.00000	7.40	79.400
4.58405	1.60055	2.75394	6.50000	8.00000	7.40	76.900
4.58541	1.60338	2.75661	6.60000	8.00000	7.40	79.500
4.58548	1.60323	2.75670	6.70000	8.00000	7.40	79.600
4.58630	1.61078	2.74691	6.80000	8.00000	7.40	76.300
4.58382	1.61245	2.73787	6.90000	8.00000	7.40	74.000
4.57596	1.61109	2.73896	7.00000	8.00000	7.40	72.800
4.58525	1.60734	2.73920	7.10000	8.00000	7.40	72.900
3.03931	1.15245	1.53477	7.20000	8.00000	7.40	61.600
3.02009	2.79535	4.67279	7.30000	8.00000	7.40	63.100
4.63567	1.58557	2.80173	7.40000	8.00000	7.40	61.000
4.64023	1.57751	2.80786	7.50000	8.00000	7.40	65.500
4.64489	1.57843	2.79627	7.60000	8.00000	7.40	70.900
4.63971	1.58220	2.80320	7.70000	8.00000	7.40	68.900
4.64387	1.58407	2.80236	7.80000	8.00000	7.40	68.200
4.64403	1.57953	2.79764	7.90000	8.00000	7.40	71.100
4.64601	1.57995	2.79562	8.00000	8.00000	7.40	75.200
4.63668	1.58546	2.79900	8.10000	8.00000	7.40	78.500
4.63900	1.57759	2.79935	8.20000	8.00000	7.40	81.400
4.64860	1.59382	2.80114	8.30000	8.00000	7.40	77.700
4.63732	1.59381	2.80676	8.40000	8.00000	7.40	77.400
4.63973	1.58765	2.79450	8.50000	8.00000	7.40	74.000
4.58007	1.59440	2.73203	8.60000	8.00000	7.40	56.700
4.57238	1.59011	2.73976	8.70000	8.00000	7.40	71.600
4.57361	1.59332	2.74022	8.80000	8.00000	7.40	79.100
2.95937	2.73507	4.66654	8.90000	8.00000	7.40	74.300
4.58012	1.60269	2.72665	9.00000	8.00000	7.40	57.800
4.58885	1.61026	2.75669	9.10000	8.00000	7.40	55.900
4.61139	1.60653	2.76427	9.20000	8.00000	7.40	63.000
4.60987	1.59643	2.76469	9.30000	8.00000	7.40	71.000
4.61202	1.59447	2.76521	9.40000	8.00000	7.40	68.800
4.60589	1.59773	2.76766	9.50000	8.00000	7.40	71.800
4.61635	1.59110	2.76673	9.60000	8.00000	7.40	69.400
4.61124	1.58184	2.77411	9.70000	8.00000	7.40	64.700
3.05713	1.20024	1.55030	9.80000	8.00000	7.40	62.800
3.09425	2.80282	4.73247	9.90000	8.00000	7.40	59.500
4.64131	1.57130	2.80022	10.00000	8.00000	7.40	68.200
4.61279	1.59220	2.76034	6.00000	8.10000	7.40	74.500
4.61379	1.59934	2.76341	6.10000	8.10000	7.40	74.300
4.62137	1.59436	2.75177	6.20000	8.10000	7.40	76.000
4.60992	1.60164	2.75559	6.30000	8.10000	7.40	76.800
4.59486	1.59761	2.75791	6.40000	8.10000	7.40	84.000
4.59285	1.60207	2.74659	6.50000	8.10000	7.40	78.800
4.58870	1.60239	2.74588	6.60000	8.10000	7.40	78.700
4.58261	1.60205	2.75271	6.70000	8.10000	7.40	73.400
4.57718	1.60958	2.75151	6.80000	8.10000	7.40	76.400
4.57588	1.60566	2.73901	6.90000	8.10000	7.40	76.700
4.58418	1.60780	2.74386	7.00000	8.10000	7.40	74.900
4.57440	1.61170	2.73941	7.10000	8.10000	7.40	68.800
3.03931	1.15245	1.53477	7.20000	8.10000	7.40	65.300
4.62837	1.58642	2.78904	7.30000	8.10000	7.40	64.200
4.64194	1.57638	2.80576	7.40000	8.10000	7.40	67.500
4.64274	1.57343	2.79853	7.50000	8.10000	7.40	72.700
4.64203	1.57556	2.79916	7.60000	8.10000	7.40	69.900
4.64216	1.57669	2.80651	7.70000	8.10000	7.40	67.700
4.64280	1.58021	2.80424	7.80000	8.10000	7.40	67.600
4.64926	1.57491	2.79447	7.90000	8.10000	7.40	74.400
4.63735	1.58293	2.80734	8.00000	8.10000	7.40	66.400
4.64931	1.58321	2.79445	8.10000	8.10000	7.40	70.300
4.65097	1.58766	2.79665	8.20000	8.10000	7.40	76.700
4.64382	1.59244	2.79114	8.30000	8.10000	7.40	80.900
4.64461	1.59363	2.80529	8.40000	8.10000	7.40	78.300
4.64717	1.59386	2.80028	8.50000	8.10000	7.40	71.800
4.56691	1.60444	2.74144	8.60000	8.10000	7.40	56.000
2.95937	2.73507	4.66654	8.70000	8.10000	7.40	79.000
4.57117	1.58780	2.73813	8.80000	8.10000	7.40	76.100
4.57450	1.59652	2.73019	8.90000	8.10000	7.40	68.300
4.60354	1.60377	2.74672	9.00000	8.10000	7.40	57.700
4.61924	1.59714	2.76051	9.10000	8.10000	7.40	63.900
4.60692	1.59518	2.76065	9.20000	8.10000	7.40	69.000
4.61227	1.59973	2.76192	9.30000	8.10000	7.40	69.300
4.61363	1.59534	2.76743	9.40000	8.10000	7.40	73.300
4.60783	1.59827	2.76727	9.50000	8.10000	7.40	72.700
4.61354	1.59553	2.76730	9.60000	8.10000	7.40	73.100
4.60649	1.59237	2.77706	9.70000	8.10000	7.40	64.500
3.02158	2.79223	4.66305	9.80000	8.10000	7.40	65.100
4.64725	1.56941	2.81606	9.90000	8.10000	7.40	64.200
4.64048	1.57179	2.80237	10.00000	8.10000	7.40	71.000
4.61880	1.60332	2.74871	6.00000	8.20000	7.40	75.100
4.62132	1.60188	2.75241	6.10000	8.20000	7.40	76.400
4.61499	1.59992	2.75540	6.20000	8.20000	7.40	77.500
4.59214	1.59492	2.76123	6.30000	8.20000	7.40	78.300
4.59409	1.59771	2.75434	6.40000	8.20000	7.40	75.800
4.58416	1.60018	2.74479	6.50000	8.20000	7.40	81.600
4.57987	1.60264	2.74730	6.60000	8.20000	7.40	81.000
4.57969	1.60120	2.74607	6.70000	8.20000	7.40	77.700
4.57972	1.60511	2.74408	6.80000	8.20000	7.40	78.300
4.57984	1.60525	2.74420	6.90000	8.20000	7.40	75.800
4.57784	1.60532	2.74674	7.00000	8.20000	7.40	73.500
4.58990	1.61593	2.74860	7.10000	8.20000	7.40	58.700
2.99721	2.78201	4.64337	7.20000	8.20000	7.40	58.100
4.64063	1.58638	2.79274	7.30000	8.20000	7.40	65.400
4.64697	1.57409	2.80520	7.40000	8.20000	7.40	69.200
4.65345	1.57412	2.79994	7.50000	8.20000	7.40	70.800
4.64696	1.57426	2.80520	7.60000	8.20000	7.40	68.600
4.64397	1.57543	2.80241	7.70000	8.20000	7.40	66.000
4.64875	1.58020	2.80125	7.80000	8.20000	7.40	71.300
4.64393	1.57563	2.79617	7.90000	8.20000	7.40	73.500
4.63490	1.58015	2.80456	8.00000	8.20000	7.40	75.700
4.64862	1.58101	2.80199	8.10000	8.20000	7.40	69.600
4.64628	1.59420	2.79999	8.20000	8.20000	7.40	75.700
4.64309	1.59141	2.80164	8.30000	8.20000	7.40	75.900
4.64741	1.59151	2.79870	8.40000	8.20000	7.40	77.600
4.64379	1.59244	2.79110	8.50000	8.20000	7.40	70.000
2.93992	2.73973	4.64304	8.60000	8.20000	7.40	62.400
2.95231	2.73148	4.65207	8.70000	8.20000	7.40	75.000
2.96429	2.72619	4.66709	8.80000	8.20000	7.40	71.500
4.58313	1.60276	2.73045	8.90000	8.20000	7.40	55.800
4.60614	1.59692	2.76655	9.00000	8.20000	7.40	62.700
4.61393	1.60154	2.76797	9.10000	8.20000	7.40	65.600
4.60711	1.59897	2.76880	9.20000	8.20000	7.40	71.000
4.60730	1.59694	2.76476	9.30000	8.20000	7.40	71.300
4.61161	1.59523	2.76354	9.40000	8.20000	7.40	70.900
4.60780	1.59818	2.76723	9.50000	8.20000	7.40	73.600
4.61820	1.59782	2.76181	9.60000	8.20000	7.40	68.700
4.61072	1.60171	2.76681	9.70000	8.20000	7.40	59.200
3.02865	2.79314	4.66044	9.80000	8.20000	7.40	54.000
4.64080	1.56721	2.80026	9.90000	8.20000	7.40	67.200
4.63896	1.56815	2.80378	10.00000	8.20000	7.40	70.300
4.61946	1.60262	2.75348	6.00000	8.30000	7.40	76.200
4.61310	1.60475	2.75522	6.10000	8.30000	7.40	77.900
4.61895	1.60320	2.74890	6.20000	8.30000	7.40	76.800
4.60839	1.60194	2.75596	6.30000	8.30000	7.40	78.500
4.58208	1.60359	2.75367	6.40000	8.30000	7.40	78.400
4.58596	1.59930	2.75096	6.50000	8.30000	7.40	78.200
4.58155	1.60237	2.75125	6.60000	8.30000	7.40	76.600
4.57717	1.60567	2.75042	6.70000	8.30000	7.40	77.600
4.57782	1.60680	2.74888	6.80000	8.30000	7.40	75.100
4.57774	1.60532	2.74661	6.90000	8.30000	7.40	76.100
4.58167	1.60290	2.74125	7.00000	8.30000	7.40	67.600
2.94017	2.75529	4.61421	7.10000	8.30000	7.40	58.300
4.63360	1.59264	2.78341	7.20000	8.30000	7.40	63.600
4.64198	1.58645	2.79283	7.30000	8.30000	7.40	60.800
4.64117	1.57779	2.80432	7.40000	8.30000	7.40	63.100
4.64195	1.57638	2.80579	7.50000	8.30000	7.40	70.900
4.64529	1.57605	2.80361	7.60000	8.30000	7.40	68.500
4.64391	1.57434	2.79425	7.70000	8.30000	7.40	72.500
4.64814	1.57407	2.80370	7.80000	8.30000	7.40	67.900
4.64410	1.57691	2.80395	7.90000	8.30000	7.40	68.200
4.65180	1.57411	2.79768	8.00000	8.30000	7.40	70.400
4.64995	1.57892	2.79516	8.10000	8.30000	7.40	71.900
4.64487	1.59127	2.79749	8.20000	8.30000	7.40	72.900
4.64797	1.59229	2.79904	8.30000	8.30000	7.40	82.300
4.64650	1.59405	2.80027	8.40000	8.30000	7.40	73.900
4.64225	1.59358	2.80593	8.50000	8.30000	7.40	76.200
4.57641	1.60293	2.74159	8.60000	8.30000	7.40	63.600
4.57322	1.59644	2.73222	8.70000	8.30000	7.40	70.500
2.94224	2.73777	4.64543	8.80000	8.30000	7.40	70.600
4.60536	1.60376	2.76148	8.90000	8.30000	7.40	55.500
4.61163	1.60345	2.76080	9.00000	8.30000	7.40	66.700
4.61305	1.60011	2.76576	9.10000	8.30000	7.40	69.500
4.61706	1.59357	2.76465	9.20000	8.30000	7.40	72.500
4.61784	1.60037	2.76492	9.30000	8.30000	7.40	74.700
4.61147	1.59529	2.76335	9.40000	8.30000	7.40	77.200
4.61351	1.59544	2.76727	9.50000	8.30000	7.40	76.200
4.61065	1.59746	2.76141	9.60000	8.30000	7.40	72.900
2.98604	2.77264	4.63503	9.70000	8.30000	7.40	55.100
4.64042	1.57552	2.79994	9.80000	8.30000	7.40	60.800
4.64202	1.57600	2.80120	9.90000	8.30000	7.40	70.900
4.64193	1.57390	2.80123	10.00000	8.30000	7.40	75.600
4.61670	1.59347	2.75366	6.00000	8.40000	7.40	75.500
4.61943	1.60242	2.75347	6.10000	8.40000	7.40	76.300
4.61758	1.58819	2.74862	6.20000	8.40000	7.40	78.800
4.61262	1.59743	2.75857	6.30000	8.40000	7.40	77.800
4.58554	1.60339	2.75677	6.40000	8.40000	7.40	78.500
4.58449	1.60222	2.75490	6.50000	8.40000	7.40	80.900
4.57908	1.60596	2.74825	6.60000	8.40000	7.40	81.600
4.57939	1.59646	2.74491	6.70000	8.40000	7.40	81.000
4.57848	1.60750	2.74846	6.80000	8.40000	7.40	78.800
4.58014	1.60408	2.74728	6.90000	8.40000	7.40	77.100
2.95278	2.74053	4.64822	7.00000	8.40000	7.40	66.900
3.06679	2.78782	4.70849	7.10000	8.40000	7.40	58.200
4.63735	1.59051	2.78857	7.20000	8.40000	7.40	66.000
4.64614	1.57727	2.80235	7.30000	8.40000	7.40	68.100
4.64216	1.57678	2.80458	7.40000	8.40000	7.40	69.300
4.65179	1.57609	2.80383	7.50000	8.40000	7.40	75.100
4.64473	1.57412	2.80129	7.60000	8.40000	7.40	79.600
4.64333	1.57594	2.79437	7.70000	8.40000	7.40	68.500
4.65225	1.58053	2.80298	7.80000	8.40000	7.40	70.600
4.64320	1.57835	2.80622	7.90000	8.40000	7.40	71.100
4.65058	1.57816	2.80205	8.00000	8.40000	7.40	76.200
4.65113	1.57697	2.80070	8.10000	8.40000	7.40	65.800
4.64518	1.59439	2.80322	8.20000	8.40000	7.40	70.500
4.64751	1.59409	2.79960	8.30000	8.40000	7.40	75.500
4.64912	1.58763	2.79710	8.40000	8.40000	7.40	76.600
4.64239	1.58816	2.78614	8.50000	8.40000	7.40	66.600
4.58664	1.60282	2.73198	8.60000	8.40000	7.40	61.400
2.93435	2.73698	4.63746	8.70000	8.40000	7.40	73.000
4.58513	1.60611	2.73922	8.80000	8.40000	7.40	62.500
4.61237	1.60462	2.76034	8.90000	8.40000	7.40	60.200
4.61918	1.59783	2.76367	9.00000	8.40000	7.40	69.300
4.61817	1.59771	2.76176	9.10000	8.40000	7.40	71.900
4.61026	1.59267	2.76322	9.20000	8.40000	7.40	72.500
4.61598	1.59541	2.76488	9.30000	8.40000	7.40	72.000
4.61817	1.59771	2.76176	9.40000	8.40000	7.40	71.500
4.62042	1.59625	2.75912	9.50000	8.40000	7.40	71.500
2.97793	2.76688	4.63908	9.60000	8.40000	7.40	67.900
6.22355	1.92754	0.01632	9.70000	8.40000	7.40	59.800
4.64214	1.57674	2.80476	9.80000	8.40000	7.40	65.700
4.64130	1.57015	2.79828	9.90000	8.40000	7.40	71.200
4.63867	1.57760	2.80910	10.00000	8.40000	7.40	72.800
4.61915	1.59704	2.75289	6.00000	8.50000	7.40	74.000
4.62121	1.60092	2.75316	6.10000	8.50000	7.40	73.000
4.61958	1.59898	2.74960	6.20000	8.50000	7.40	72.700
4.61786	1.60070	2.74862	6.30000	8.50000	7.40	76.400
4.59599	1.59946	2.75251	6.40000	8.50000	7.40	78.600
4.58261	1.60205	2.75271	6.50000	8.50000	7.40	77.700
4.58477	1.60318	2.74431	6.60000	8.50000	7.40	79.800
4.58069	1.59872	2.74477	6.70000	8.50000	7.40	84.500
4.57671	1.60249	2.73818	6.80000	8.50000	7.40	77.900
4.57630	1.59761	2.74506	6.90000	8.50000	7.40	78.600
2.92929	2.73941	4.61896	7.00000	8.50000	7.40	57.400
4.63458	1.57614	2.78192	7.10000	8.50000	7.40	73.200
4.63551	1.58291	2.79394	7.20000	8.50000	7.40	64.600
4.64109	1.58226	2.79537	7.30000	8.50000	7.40	66.400
4.65072	1.57636	2.79538	7.40000	8.50000	7.40	70.200
4.64020	1.57791	2.80765	7.50000	8.50000	7.40	71.800
4.65626	1.57838	2.80171	7.60000	8.50000	7.40	72.200
4.64766	1.57672	2.79974	7.70000	8.50000	7.40	73.400
4.64629	1.57492	2.79437	7.80000	8.50000	7.40	70.900
4.64600	1.57473	2.80278	7.90000	8.50000	7.40	75.100
4.64557	1.57599	2.80545	8.00000	8.50000	7.40	70.000
4.64754	1.58129	2.80647	8.10000	8.50000	7.40	73.200
4.65013	1.58719	2.79934	8.20000	8.50000	7.40	75.300
4.64664	1.59497	2.80052	8.30000	8.50000	7.40	77.600
4.64619	1.59253	2.80302	8.40000	8.50000	7.40	73.900
4.64141	1.60276	2.80165	8.50000	8.50000	7.40	62.000
4.58315	1.60575	2.74248	8.60000	8.50000	7.40	67.900
4.57630	1.60629	2.73715	8.70000	8.50000	7.40	76.400
4.58359	1.61384	2.74703	8.80000	8.50000	7.40	58.300
4.61702	1.60484	2.76047	8.90000	8.50000	7.40	65.400
4.62062	1.59698	2.76262	9.00000	8.50000	7.40	76.300
4.60586	1.59763	2.76762	9.10000	8.50000	7.40	73.000
4.61817	1.59771	2.76176	9.20000	8.50000	7.40	77.400
4.61390	1.60144	2.76793	9.30000	8.50000	7.40	73.100
4.61817	1.59771	2.76176	9.40000	8.50000	7.40	72.100
4.61082	1.60527	2.76456	9.50000	8.50000	7.40	59.900
6.16847	0.34789	3.18678	9.60000	8.50000	7.40	66.600
4.64125	1.58393	2.79341	9.70000	8.50000	7.40	64.400
4.64628	1.57691	2.80094	9.80000	8.50000	7.40	67.200
4.64262	1.57741	2.80671	9.90000	8.50000	7.40	72.400
4.64684	1.57835	2.80569	10.00000	8.50000	7.40	77.100
4.62116	1.60262	2.75520	6.00000	8.60000	7.40	72.000
4.62232	1.59762	2.75348	6.10000	8.60000	7.40	78.000
4.62131	1.60188	2.75239	6.20000	8.60000	7.40	73.000
4.61354	1.60419	2.74307	6.30000	8.60000	7.40	79.900
4.59269	1.60032	2.75519	6.40000	8.60000	7.40	77.300
4.57627	1.61128	2.75242	6.50000	8.60000	7.40	82.900
4.57820	1.60593	2.74133	6.60000	8.60000	7.40	79.900
4.57628	1.59750	2.74503	6.70000	8.60000	7.40	84.700
4.58162	1.60043	2.74460	6.80000	8.60000	7.40	84.900
4.58467	1.59593	2.74578	6.90000	8.60000	7.40	73.200
3.01070	2.77755	4.65537	7.00000	8.60000	7.40	65.100
4.62855	1.58754	2.79500	7.10000	8.60000	7.40	69.200
4.63730	1.58319	2.79259	7.20000	8.60000	7.40	69.000
4.63941	1.58088	2.79392	7.30000	8.60000	7.40	69.200
4.64685	1.57420	2.80505	7.40000	8.60000	7.40	75.400
4.65239	1.57962	2.80243	7.50000	8.60000	7.40	71.300
4.64505	1.57788	2.80710	7.60000	8.60000	7.40	76.800
4.64606	1.58028	2.80070	7.70000	8.60000	7.40	72.700
4.65415	1.57536	2.80085	7.80000	8.60000	7.40	72.700
4.64993	1.58203	2.80205	7.90000	8.60000	7.40	73.000
4.64629	1.58466	2.80206	8.00000	8.60000	7.40	72.300
4.65241	1.57960	2.80245	8.10000	8.60000	7.40	72.600
4.65135	1.58650	2.79900	8.20000	8.60000	7.40	78.400
4.65588	1.59071	2.80001	8.30000	8.60000	7.40	71.900
4.64751	1.59409	2.79960	8.40000	8.60000	7.40	71.200
6.18247	1.98366	0.04381	8.50000	8.60000	7.40	54.500
4.58615	1.61230	2.73895	8.60000	8.60000	7.40	66.100
4.57664	1.61686	2.74377	8.70000	8.60000	7.40	73.400
4.61229	1.60810	2.74028	8.80000	8.60000	7.40	66.000
4.61473	1.60571	2.76581	8.90000	8.60000	7.40	66.300
4.62064	1.59698	2.76266	9.00000	8.60000	7.40	77.900
4.61229	1.59968	2.76194	9.10000	8.60000	7.40	81.800
4.61468	1.59914	2.76519	9.20000	8.60000	7.40	74.700
4.60681	1.59691	2.76910	9.30000	8.60000	7.40	72.100
4.62373	1.59909	2.76449	9.40000	8.60000	7.40	66.800
3.01080	2.78506	4.65060	9.50000	8.60000	7.40	60.400
4.64046	1.58510	2.79106	9.60000	8.60000	7.40	74.100
4.64555	1.58227	2.80668	9.70000	8.60000	7.40	71.600
4.64595	1.57812	2.80442	9.80000	8.60000	7.40	67.300
4.64954	1.57298	2.80542	9.90000	8.60000	7.40	76.000
4.64235	1.57731	2.80690	10.00000	8.60000	7.40	76.300
4.62029	1.60190	2.75195	6.00000	8.70000	7.40	75.700
4.61601	1.60594	2.74879	6.10000	8.70000	7.40	77.300
4.62253	1.59803	2.75649	6.20000	8.70000	7.40	80.600
4.61585	1.60416	2.74493	6.30000	8.70000	7.40	73.500
4.58795	1.60326	2.74908	6.40000	8.70000	7.40	73.400
4.57909	1.60606	2.74826	6.50000	8.70000	7.40	77.000
4.58070	1.59870	2.74479	6.60000	8.70000	7.40	82.400
2.95470	2.74233	4.65501	6.70000	8.70000	7.40	84.200
2.95014	2.73629	4.64874	6.80000	8.70000	7.40	78.200
2.93565	2.73532	4.62603	6.90000	8.70000	7.40	65.600
4.62513	1.59834	2.78384	7.00000	8.70000	7.40	57.000
4.63470	1.58996	2.77915	7.10000	8.70000	7.40	68.000
4.63921	1.59171	2.78429	7.20000	8.70000	7.40	67.700
4.64488	1.58025	2.79738	7.30000	8.70000	7.40	72.100
4.65620	1.57828	2.80163	7.40000	8.70000	7.40	74.200
4.65396	1.57920	2.80428	7.50000	8.70000	7.40	72.900
4.64971	1.58090	2.79403	7.60000	8.70000	7.40	74.600
4.65072	1.58254	2.79854	7.70000	8.70000	7.40	71.100
4.64966	1.58080	2.79397	7.80000	8.70000	7.40	75.900
4.65446	1.57876	2.80343	7.90000	8.70000	7.40	75.000
4.65571	1.58352	2.80227	8.00000	8.70000	7.40	70.900
4.65675	1.58863	2.80909	8.10000	8.70000	7.40	76.000
4.66231	1.58101	2.80584	8.20000	8.70000	7.40	71.500
4.64854	1.59309	2.79223	8.30000	8.70000	7.40	79.300
4.64142	1.59725	2.80494	8.40000	8.70000	7.40	68.000
6.18247	1.98366	0.04381	8.50000	8.70000	7.40	64.500
4.58609	1.61219	2.73888	8.60000	8.70000	7.40	66.900
4.59028	1.61386	2.73401	8.70000	8.70000	7.40	69.600
4.60213	1.61913	2.74704	8.80000	8.70000	7.40	63.000
4.61486	1.60256	2.76259	8.90000	8.70000	7.40	64.500
4.62405	1.59582	2.75518	9.00000	8.70000	7.40	74.600
4.61805	1.59782	2.76161	9.10000	8.70000	7.40	72.800
4.61301	1.59786	2.76467	9.20000	8.70000	7.40	74.800
4.61303	1.60027	2.76574	9.30000	8.70000	7.40	73.500
4.61255	1.59885	2.76495	9.40000	8.70000	7.40	75.500
4.63982	1.58983	2.79224	9.50000	8.70000	7.40	62.800
4.63695	1.58421	2.79980	9.60000	8.70000	7.40	64.600
4.64096	1.58700	2.79144	9.70000	8.70000	7.40	69.800
4.63960	1.58036	2.80654	9.80000	8.70000	7.40	73.900
4.64570	1.57685	2.80462	9.90000	8.70000	7.40	73.000
4.64433	1.57734	2.80825	10.00000	8.70000	7.40	79.100
4.61848	1.60437	2.75022	6.00000	8.80000	7.40	74.700
4.61890	1.60358	2.74852	6.10000	8.80000	7.40	78.100
4.60434	1.60652	2.75954	6.20000	8.80000	7.40	74.800
4.60825	1.60291	2.76008	6.30000	8.80000	7.40	77.500
4.58911	1.60449	2.75650	6.40000	8.80000	7.40	70.500
4.57332	1.60794	2.74476	6.50000	8.80000	7.40	77.900
2.95150	2.74134	4.64235	6.60000	8.80000	7.40	84.000
2.95406	2.73471	4.65245	6.70000	8.80000	7.40	77.600
2.96062	2.74061	4.64852	6.80000	8.80000	7.40	62.800
3.04532	2.78332	4.68573	6.90000	8.80000	7.40	53.000
4.63201	1.59003	2.77727	7.00000	8.80000	7.40	63.300
4.63587	1.58999	2.78427	7.10000	8.80000	7.40	71.500
4.63012	1.58705	2.79064	7.20000	8.80000	7.40	70.800
4.64185	1.58283	2.79218	7.30000	8.80000	7.40	74.300
4.65243	1.57969	2.80247	7.40000	8.80000	7.40	70.900
4.64975	1.58158	2.80281	7.50000	8.80000	7.40	70.300
4.65068	1.58194	2.80366	7.60000	8.80000	7.40	76.100
4.65004	1.58736	2.79768	7.70000	8.80000	7.40	73.300
4.65619	1.58089	2.80988	7.80000	8.80000	7.40	77.800
4.66087	1.58618	2.80497	7.90000	8.80000	7.40	75.900
4.65855	1.58479	2.81051	8.00000	8.80000	7.40	76.300
4.65710	1.58621	2.80747	8.10000	8.80000	7.40	78.200
4.66237	1.58167	2.80854	8.20000	8.80000	7.40	75.200
4.66536	1.58605	2.81059	8.30000	8.80000	7.40	67.400
4.65140	1.59153	2.80008	8.40000	8.80000	7.40	66.100
3.03363	1.17913	1.52121	8.50000	8.80000	7.40	57.500
4.60130	1.60896	2.73785	8.60000	8.80000	7.40	67.800
4.58712	1.61011	2.74624	8.70000	8.80000	7.40	67.100
4.62029	1.60990	2.74768	8.80000	8.80000	7.40	60.300
4.62179	1.59829	2.75361	8.90000	8.80000	7.40	70.800
4.62293	1.59469	2.75371	9.00000	8.80000	7.40	79.500
4.62162	1.59984	2.75633	9.10000	8.80000	7.40	73.700
4.61817	1.59771	2.76176	9.20000	8.80000	7.40	73.100
4.61481	1.60288	2.76841	9.30000	8.80000	7.40	70.900
3.07084	1.20518	1.54141	9.40000	8.80000	7.40	58.100
4.64090	1.58631	2.79712	9.50000	8.80000	7.40	67.900
4.64061	1.58551	2.80126	9.60000	8.80000	7.40	73.200
4.63952	1.58170	2.80167	9.70000	8.80000	7.40	74.900
4.64235	1.58258	2.80550	9.80000	8.80000	7.40	77.800
4.64014	1.57969	2.81107	9.90000	8.80000	7.40	80.100
4.64270	1.58070	2.80747	10.00000	8.80000	7.40	76.400
4.61518	1.59658	2.75427	6.00000	8.90000	7.40	75.700
4.62224	1.59758	2.75336	6.10000	8.90000	7.40	74.500
4.61589	1.59934	2.75312	6.20000	8.90000	7.40	79.700
4.60909	1.59768	2.75549	6.30000	8.90000	7.40	75.500
4.58675	1.60980	2.75255	6.40000	8.90000	7.40	72.800
4.58071	1.60545	2.75014	6.50000	8.90000	7.40	74.700
2.94093	2.74328	4.64021	6.60000	8.90000	7.40	80.600
2.93814	2.73550	4.63467	6.70000	8.90000	7.40	73.300
4.58343	1.60819	2.74150	6.80000	8.90000	7.40	58.400
4.63842	1.57883	2.78228	6.90000	8.90000	7.40	58.100
4.63321	1.59011	2.77882	7.00000	8.90000	7.40	65.500
4.63450	1.59002	2.78217	7.10000	8.90000	7.40	71.300
4.63461	1.58976	2.78229	7.20000	8.90000	7.40	69.200
4.64023	1.58752	2.79522	7.30000	8.90000	7.40	68.900
4.65220	1.57739	2.79942	7.40000	8.90000	7.40	69.200
4.65062	1.58259	2.79842	7.50000	8.90000	7.40	73.000
4.65058	1.57816	2.80205	7.60000	8.90000	7.40	71.500
4.66376	1.57822	2.79894	7.70000	8.90000	7.40	76.900
4.65569	1.58871	2.80613	7.80000	8.90000	7.40	80.400
4.66250	1.58583	2.80695	7.90000	8.90000	7.40	76.800
4.65345	1.58443	2.80791	8.00000	8.90000	7.40	81.800
4.65743	1.58534	2.80685	8.10000	8.90000	7.40	77.200
4.65857	1.58481	2.81054	8.20000	8.90000	7.40	76.300
4.65368	1.59182	2.80897	8.30000	8.90000	7.40	72.500
4.65202	1.58994	2.79512	8.40000	8.90000	7.40	66.300
4.60331	1.61570	2.74160	8.50000	8.90000	7.40	64.900
4.59059	1.61474	2.75358	8.60000	8.90000	7.40	69.600
4.61176	1.61360	2.74737	8.70000	8.90000	7.40	65.200
4.62142	1.60173	2.75254	8.80000	8.90000	7.40	66.300
4.62141	1.59769	2.75291	8.90000	8.90000	7.40	72.400
4.62597	1.59820	2.75866	9.00000	8.90000	7.40	72.900
4.62286	1.59460	2.75362	9.10000	8.90000	7.40	76.700
4.62477	1.59888	2.75783	9.20000	8.90000	7.40	72.700
4.62572	1.59982	2.75911	9.30000	8.90000	7.40	67.900
2.99887	2.78385	4.64167	9.40000	8.90000	7.40	63.100
4.64143	1.58281	2.80045	9.50000	8.90000	7.40	66.700
4.64520	1.57882	2.79463	9.60000	8.90000	7.40	70.000
4.64052	1.57820	2.79775	9.70000	8.90000	7.40	76.200
4.63887	1.58150	2.80217	9.80000	8.90000	7.40	78.600
4.63944	1.57645	2.81182	9.90000	8.90000	7.40	77.300
4.64312	1.57801	2.79226	10.00000	8.90000	7.40	77.400
4.61762	1.60093	2.74823	6.00000	9.00000	7.40	75.000
4.61946	1.60250	2.75350	6.10000	9.00000	7.40	74.800
4.61684	1.59802	2.75381	6.20000	9.00000	7.40	79.300
4.60946	1.60897	2.74739	6.30000	9.00000	7.40	79.600
4.59541	1.59988	2.74435	6.40000	9.00000	7.40	73.800
4.58141	1.60571	2.74791	6.50000	9.00000	7.40	77.000
2.94639	2.74191	4.64686	6.60000	9.00000	7.40	76.900
2.94974	2.74012	4.64994	6.70000	9.00000	7.40	62.900
3.04043	2.77997	4.67726	6.80000	9.00000	7.40	55.800
4.63157	1.58782	2.77722	6.90000	9.00000	7.40	66.100
4.63093	1.58860	2.77452	7.00000	9.00000	7.40	68.000
4.63068	1.59158	2.78704	7.10000	9.00000	7.40	72.000
4.63394	1.58978	2.78224	7.20000	9.00000	7.40	71.400
4.64182	1.58876	2.79285	7.30000	9.00000	7.40	67.300
4.64850	1.58389	2.80146	7.40000	9.00000	7.40	74.300
4.64821	1.58440	2.80609	7.50000	9.00000	7.40	74.100
4.65411	1.57973	2.79748	7.60000	9.00000	7.40	69.500
4.65476	1.58634	2.81069	7.70000	9.00000	7.40	78.200
4.65837	1.58916	2.80952	7.80000	9.00000	7.40	76.300
4.65661	1.58872	2.80892	7.90000	9.00000	7.40	75.900
4.65661	1.58872	2.80892	8.00000	9.00000	7.40	81.500
4.66361	1.58369	2.81034	8.10000	9.00000	7.40	71.800
4.66231	1.58059	2.80771	8.20000	9.00000	7.40	79.800
4.65888	1.59117	2.81162	8.30000	9.00000	7.40	71.300
4.65840	1.58914	2.80955	8.40000	9.00000	7.40	68.700
4.60491	1.62025	2.74765	8.50000	9.00000	7.40	61.000
4.60203	1.61454	2.75067	8.60000	9.00000	7.40	63.600
4.62154	1.61030	2.75412	8.70000	9.00000	7.40	61.500
4.62598	1.60401	2.76024	8.80000	9.00000	7.40	64.800
4.62722	1.60034	2.76046	8.90000	9.00000	7.40	72.700
4.62577	1.59624	2.75771	9.00000	9.00000	7.40	76.600
4.62744	1.59819	2.75990	9.10000	9.00000	7.40	77.900
4.62594	1.60434	2.77013	9.20000	9.00000	7.40	72.900
4.62422	1.60370	2.76768	9.30000	9.00000	7.40	69.400
4.63606	1.59495	2.78577	9.40000	9.00000	7.40	64.300
4.63905	1.58543	2.79332	9.50000	9.00000	7.40	66.800
4.64122	1.58131	2.80189	9.60000	9.00000	7.40	77.100
4.64278	1.58111	2.79848	9.70000	9.00000	7.40	70.500
4.64216	1.58123	2.80325	9.80000	9.00000	7.40	70.400
4.65165	1.57866	2.79749	9.90000	9.00000	7.40	71.800
4.65039	1.57879	2.79852	10.00000	9.00000	7.40	81.600
4.62062	1.59888	2.75120	6.00000	9.10000	7.40	72.500
4.62024	1.60191	2.75188	6.10000	9.10000	7.40	78.200
4.61843	1.60493	2.74860	6.20000	9.10000	7.40	80.200
4.61920	1.60230	2.74239	6.30000	9.10000	7.40	75.400
4.59151	1.60651	2.75183	6.40000	9.10000	7.40	72.300
4.58120	1.60536	2.74581	6.50000	9.10000	7.40	64.600
2.93942	2.73848	4.62358	6.60000	9.10000	7.40	58.600
6.11544	0.38016	3.21316	6.70000	9.10000	7.40	57.000
4.63264	1.58763	2.78158	6.80000	9.10000	7.40	71.300
4.63330	1.59036	2.77979	6.90000	9.10000	7.40	70.000
4.63398	1.58974	2.78228	7.00000	9.10000	7.40	74.000
4.63563	1.58959	2.78309	7.10000	9.10000	7.40	76.200
4.64028	1.58962	2.78464	7.20000	9.10000	7.40	70.200
4.64729	1.58930	2.80188	7.30000	9.10000	7.40	65.800
4.65236	1.57959	2.80238	7.40000	9.10000	7.40	75.800
4.66009	1.58081	2.80091	7.50000	9.10000	7.40	75.300
4.65857	1.58481	2.81054	7.60000	9.10000	7.40	74.500
4.66237	1.58167	2.80854	7.70000	9.10000	7.40	77.200
4.65888	1.58216	2.80412	7.80000	9.10000	7.40	74.900
4.65724	1.58347	2.80938	7.90000	9.10000	7.40	76.300
4.66084	1.58439	2.81057	8.00000	9.10000	7.40	74.900
4.65980	1.58073	2.80425	8.10000	9.10000	7.40	77.500
4.66224	1.58060	2.80762	8.20000	9.10000	7.40	74.700
4.66175	1.58496	2.80711	8.30000	9.10000	7.40	74.200
4.65659	1.59284	2.79541	8.40000	9.10000	7.40	64.900
6.20354	1.96209	0.05180	8.50000	9.10000	7.40	60.500
4.61404	1.61291	2.75485	8.60000	9.10000	7.40	65.100
4.62002	1.60852	2.75930	8.70000	9.10000	7.40	65.500
4.62382	1.59929	2.76074	8.80000	9.10000	7.40	70.200
4.62482	1.60541	2.77063	8.90000	9.10000	7.40	76.200
4.62381	1.60534	2.77002	9.00000	9.10000	7.40	72.800
4.62383	1.60535	2.77004	9.10000	9.10000	7.40	72.000
4.62389	1.60529	2.77012	9.20000	9.10000	7.40	80.900
4.62920	1.60205	2.77853	9.30000	9.10000	7.40	67.200
4.63706	1.60024	2.78806	9.40000	9.10000	7.40	68.500
4.64221	1.58587	2.79962	9.50000	9.10000	7.40	67.100
4.64123	1.58131	2.80191	9.60000	9.10000	7.40	71.700
4.64065	1.58763	2.80328	9.70000	9.10000	7.40	76.800
4.64989	1.58254	2.79877	9.80000	9.10000	7.40	77.600
4.64868	1.58260	2.79623	9.90000	9.10000	7.40	78.400
4.64743	1.58566	2.80057	10.00000	9.10000	7.40	77.000
4.61878	1.59587	2.75652	6.00000	9.20000	7.40	72.800
4.62126	1.60086	2.75323	6.10000	9.20000	7.40	77.800
4.62024	1.60191	2.75188	6.20000	9.20000	7.40	74.400
4.61356	1.60419	2.74310	6.30000	9.20000	7.40	73.100
4.60002	1.60836	2.74843	6.40000	9.20000	7.40	66.800
4.57894	1.60955	2.74312	6.50000	9.20000	7.40	62.600
6.19194	0.34986	3.16482	6.60000	9.20000	7.40	56.700
4.63519	1.58282	2.78257	6.70000	9.20000	7.40	59.000
4.63580	1.58760	2.77939	6.80000	9.20000	7.40	72.900
4.62659	1.59234	2.78127	6.90000	9.20000	7.40	73.100
4.63572	1.58948	2.78322	7.00000	9.20000	7.40	78.100
4.63567	1.58953	2.78316	7.10000	9.20000	7.40	74.500
4.63612	1.58965	2.78550	7.20000	9.20000	7.40	69.700
4.65704	1.58986	2.79803	7.30000	9.20000	7.40	61.800
4.65924	1.58024	2.80205	7.40000	9.20000	7.40	69.800
4.66235	1.58163	2.80850	7.50000	9.20000	7.40	72.100
4.66247	1.58591	2.80691	7.60000	9.20000	7.40	73.600
4.66082	1.58614	2.80490	7.70000	9.20000	7.40	76.800
4.66238	1.58167	2.80855	7.80000	9.20000	7.40	74.300
4.65980	1.58073	2.80425	7.90000	9.20000	7.40	77.500
4.66040	1.59152	2.81034	8.00000	9.20000	7.40	79.500
4.65677	1.58607	2.79932	8.10000	9.20000	7.40	74.700
4.65855	1.58479	2.81051	8.20000	9.20000	7.40	75.600
4.65702	1.59095	2.80916	8.30000	9.20000	7.40	70.400
4.66779	1.59369	2.79137	8.40000	9.20000	7.40	63.600
4.60322	1.60686	2.76469	8.50000	9.20000	7.40	61.100
4.61893	1.61042	2.75940	8.60000	9.20000	7.40	70.600
4.62482	1.60991	2.76958	8.70000	9.20000	7.40	70.300
4.62493	1.60868	2.76900	8.80000	9.20000	7.40	72.600
4.62761	1.60201	2.77471	8.90000	9.20000	7.40	67.500
4.62770	1.60194	2.77482	9.00000	9.20000	7.40	75.400
4.62726	1.60419	2.77399	9.10000	9.20000	7.40	74.900
4.63381	1.60135	2.77776	9.20000	9.20000	7.40	75.800
4.63381	1.60135	2.77776	9.30000	9.20000	7.40	70.400
4.63629	1.60043	2.77475	9.40000	9.20000	7.40	66.300
4.64563	1.59376	2.79986	9.50000	9.20000	7.40	67.100
4.64377	1.59163	2.80484	9.60000	9.20000	7.40	75.200
4.64304	1.58695	2.80399	9.70000	9.20000	7.40	77.300
4.64546	1.58484	2.79518	9.80000	9.20000	7.40	76.600
4.64793	1.58527	2.80001	9.90000	9.20000	7.40	75.100
4.65025	1.58336	2.79756	10.00000	9.20000	7.40	77.900
4.62132	1.59760	2.75280	6.00000	9.30000	7.40	69.500
4.62024	1.60191	2.75188	6.10000	9.30000	7.40	72.400
4.62012	1.60183	2.75172	6.20000	9.30000	7.40	67.800
4.62044	1.60284	2.75229	6.30000	9.30000	7.40	64.800
2.96357	2.77338	4.62693	6.40000	9.30000	7.40	63.500
4.62344	1.60076	2.78026	6.50000	9.30000	7.40	53.900
4.63143	1.58691	2.78178	6.60000	9.30000	7.40	70.900
4.63231	1.58886	2.77932	6.70000	9.30000	7.40	68.400
4.63260	1.58820	2.78062	6.80000	9.30000	7.40	75.000
4.63239	1.58764	2.77472	6.90000	9.30000	7.40	75.000
4.63568	1.59150	2.77970	7.00000	9.30000	7.40	72.400
4.64011	1.58766	2.78569	7.10000	9.30000	7.40	70.800
4.65135	1.58896	2.79818	7.20000	9.30000	7.40	64.300
4.65447	1.58971	2.79442	7.30000	9.30000	7.40	65.800
4.65579	1.58879	2.80627	7.40000	9.30000	7.40	74.700
4.66237	1.58167	2.80854	7.50000	9.30000	7.40	75.200
4.65879	1.58469	2.81073	7.60000	9.30000	7.40	76.900
4.67061	1.58176	2.80422	7.70000	9.30000	7.40	74.800
4.65619	1.58908	2.81137	7.80000	9.30000	7.40	69.800
4.65525	1.58783	2.81154	7.90000	9.30000	7.40	77.500
4.66365	1.58376	2.81040	8.00000	9.30000	7.40	71.900
4.66458	1.59209	2.80817	8.10000	9.30000	7.40	73.100
4.66087	1.58431	2.81061	8.20000	9.30000	7.40	71.900
4.66315	1.58653	2.80414	8.30000	9.30000	7.40	73.700
4.66834	1.59720	2.79672	8.40000	9.30000	7.40	62.700
2.95101	2.76754	4.61283	8.50000	9.30000	7.40	60.200
4.62016	1.61175	2.77455	8.60000	9.30000	7.40	70.400
4.62372	1.60877	2.77107	8.70000	9.30000	7.40	66.000
4.62596	1.60029	2.77555	8.80000	9.30000	7.40	66.800
4.63060	1.60266	2.77900	8.90000	9.30000	7.40	74.100
4.63076	1.60272	2.77911	9.00000	9.30000	7.40	74.500
4.63084	1.60269	2.77922	9.10000	9.30000	7.40	75.600
4.63240	1.60166	2.77901	9.20000	9.30000	7.40	75.800
4.62999	1.60480	2.77777	9.30000	9.30000	7.40	72.600
4.63376	1.60379	2.78093	9.40000	9.30000	7.40	69.900
4.63383	1.59797	2.79324	9.50000	9.30000	7.40	72.100
4.65151	1.59154	2.80021	9.60000	9.30000	7.40	73.500
4.64386	1.58478	2.80144	9.70000	9.30000	7.40	76.200
4.64686	1.59446	2.80001	9.80000	9.30000	7.40	78.300
4.63910	1.58949	2.80898	9.90000	9.30000	7.40	76.900
4.64394	1.58634	2.80097	10.00000	9.30000	7.40	78.300
4.62030	1.60186	2.75196	6.00000	9.40000	7.40	65.300
4.62137	1.59768	2.75286	6.10000	9.40000	7.40	66.000
4.62588	1.59917	2.76080	6.20000	9.40000	7.40	65.000
2.98091	2.77590	4.63578	6.30000	9.40000	7.40	61.700
4.63823	1.59265	2.77382	6.40000	9.40000	7.40	66.700
4.63303	1.58881	2.77361	6.50000	9.40000	7.40	63.200
4.63330	1.59032	2.77979	6.60000	9.40000	7.40	70.500
4.63645	1.58729	2.78045	6.70000	9.40000	7.40	72.800
4.63664	1.59069	2.78296	6.80000	9.40000	7.40	75.200
4.63431	1.58796	2.78048	6.90000	9.40000	7.40	74.400
4.63369	1.58957	2.78171	7.00000	9.40000	7.40	74.700
4.64659	1.58820	2.77909	7.10000	9.40000	7.40	69.300
4.64941	1.58555	2.78737	7.20000	9.40000	7.40	78.300
4.66158	1.58614	2.79247	7.30000	9.40000	7.40	66.700
4.66076	1.58411	2.80991	7.40000	9.40000	7.40	73.000
4.66328	1.58591	2.80618	7.50000	9.40000	7.40	75.200
4.66797	1.58541	2.80496	7.60000	9.40000	7.40	71.400
4.66292	1.58784	2.80962	7.70000	9.40000	7.40	72.900
4.65949	1.58601	2.81199	7.80000	9.40000	7.40	72.300
4.66375	1.58788	2.81084	7.90000	9.40000	7.40	72.600
4.66535	1.58605	2.81057	8.00000	9.40000	7.40	74.300
4.66366	1.58363	2.81040	8.10000	9.40000	7.40	71.700
4.66301	1.58522	2.80196	8.20000	9.40000	7.40	77.000
4.66531	1.58680	2.79637	8.30000	9.40000	7.40	71.300
4.64574	1.59720	2.79259	8.40000	9.40000	7.40	57.600
4.62517	1.60659	2.77283	8.50000	9.40000	7.40	63.600
4.62739	1.60418	2.76897	8.60000	9.40000	7.40	70.700
4.63066	1.60228	2.76595	8.70000	9.40000	7.40	69.500
4.63243	1.60173	2.77904	8.80000	9.40000	7.40	73.000
4.63285	1.60469	2.78166	8.90000	9.40000	7.40	75.500
4.63242	1.60170	2.77903	9.00000	9.40000	7.40	74.600
4.63076	1.60272	2.77911	9.10000	9.40000	7.40	75.400
4.63384	1.60142	2.77782	9.20000	9.40000	7.40	75.000
4.63243	1.60173	2.77904	9.30000	9.40000	7.40	68.300
4.63133	1.60280	2.77931	9.40000	9.40000	7.40	69.700
4.64432	1.59768	2.79592	9.50000	9.40000	7.40	68.500
4.65001	1.59107	2.79855	9.60000	9.40000	7.40	74.500
4.64776	1.59027	2.80076	9.70000	9.40000	7.40	73.900
4.64541	1.59577	2.80295	9.80000	9.40000	7.40	79.000
4.65175	1.58925	2.80013	9.90000	9.40000	7.40	79.700
4.64962	1.59186	2.80220	10.00000	9.40000	7.40	81.300
4.62563	1.59991	2.75900	6.00000	9.50000	7.40	64.400
4.62733	1.60433	2.76412	6.10000	9.50000	7.40	60.400
4.63251	1.59512	2.76801	6.20000	9.50000	7.40	59.800
4.63157	1.59518	2.76718	6.30000	9.50000	7.40	63.100
4.63482	1.59085	2.77918	6.40000	9.50000	7.40	67.200
4.63330	1.59032	2.77979	6.50000	9.50000	7.40	71.100
4.63108	1.58861	2.77472	6.60000	9.50000	7.40	73.600
4.63568	1.58967	2.78317	6.70000	9.50000	7.40	75.900
4.63572	1.58948	2.78322	6.80000	9.50000	7.40	75.500
4.63316	1.58679	2.77987	6.90000	9.50000	7.40	76.400
4.64195	1.58872	2.77668	7.00000	9.50000	7.40	68.700
4.64697	1.58739	2.78357	7.10000	9.50000	7.40	63.900
4.65266	1.58750	2.78481	7.20000	9.50000	7.40	69.500
4.66184	1.58464	2.81330	7.30000	9.50000	7.40	67.000
4.67258	1.58196	2.80550	7.40000	9.50000	7.40	77.700
4.66389	1.58494	2.80844	7.50000	9.50000	7.40	72.400
4.67525	1.58126	2.80184	7.60000	9.50000	7.40	73.000
4.67039	1.59123	2.80396	7.70000	9.50000	7.40	77.600
4.66572	1.58711	2.79788	7.80000	9.50000	7.40	78.700
4.67529	1.58479	2.80094	7.90000	9.50000	7.40	72.900
4.65940	1.59070	2.80136	8.00000	9.50000	7.40	77.800
4.67279	1.59002	2.80021	8.10000	9.50000	7.40	74.200
4.66295	1.58695	2.79031	8.20000	9.50000	7.40	70.200
4.66107	1.58626	2.80153	8.30000	9.50000	7.40	71.700
6.22494	1.93426	0.02707	8.40000	9.50000	7.40	54.100
4.62515	1.60655	2.77280	8.50000	9.50000	7.40	63.800
4.62508	1.60670	2.77271	8.60000	9.50000	7.40	70.800
4.62880	1.60123	2.77391	8.70000	9.50000	7.40	71.100
4.63382	1.60138	2.77778	8.80000	9.50000	7.40	68.400
4.63060	1.60266	2.77900	8.90000	9.50000	7.40	78.600
4.63075	1.60269	2.77908	9.00000	9.50000	7.40	80.800
4.63250	1.60168	2.77913	9.10000	9.50000	7.40	73.900
4.63078	1.60274	2.77914	9.20000	9.50000	7.40	74.900
4.63257	1.60246	2.77808	9.30000	9.50000	7.40	73.100
4.63383	1.60138	2.77780	9.40000	9.50000	7.40	69.100
4.64743	1.59333	2.79392	9.50000	9.50000	7.40	66.800
4.64546	1.59136	2.79298	9.60000	9.50000	7.40	75.700
4.64641	1.59426	2.80016	9.70000	9.50000	7.40	79.000
4.65071	1.59146	2.79853	9.80000	9.50000	7.40	79.000
4.64598	1.59131	2.80382	9.90000	9.50000	7.40	79.500
4.64943	1.58722	2.80089	10.00000	9.50000	7.40	80.600
4.63341	1.60267	2.77122	6.00000	9.60000	7.40	61.300
4.63379	1.59958	2.77099	6.10000	9.60000	7.40	62.300
4.63543	1.59528	2.76802	6.20000	9.60000	7.40	65.900
4.63840	1.59011	2.77544	6.30000	9.60000	7.40	66.900
4.63696	1.59416	2.77467	6.40000	9.60000	7.40	73.800
4.63305	1.59013	2.77862	6.50000	9.60000	7.40	74.000
4.63930	1.58787	2.77289	6.60000	9.60000	7.40	78.200
4.63847	1.59021	2.77554	6.70000	9.60000	7.40	77.800
4.63870	1.59243	2.77053	6.80000	9.60000	7.40	70.500
4.63725	1.58946	2.77334	6.90000	9.60000	7.40	73.500
4.64176	1.59288	2.78111	7.00000	9.60000	7.40	65.300
4.65855	1.58785	2.78716	7.10000	9.60000	7.40	63.400
4.66155	1.59069	2.79832	7.20000	9.60000	7.40	66.200
4.67178	1.58545	2.80496	7.30000	9.60000	7.40	68.400
4.66528	1.58457	2.80304	7.40000	9.60000	7.40	73.100
4.66318	1.58378	2.80786	7.50000	9.60000	7.40	75.700
4.66723	1.59041	2.80460	7.60000	9.60000	7.40	73.500
4.66252	1.58052	2.79993	7.70000	9.60000	7.40	73.700
4.66224	1.58060	2.80762	7.80000	9.60000	7.40	75.700
4.67393	1.58407	2.80746	7.90000	9.60000	7.40	72.400
4.66187	1.59146	2.80411	8.00000	9.60000	7.40	73.400
4.66579	1.58112	2.80082	8.10000	9.60000	7.40	77.200
4.67881	1.58767	2.79819	8.20000	9.60000	7.40	74.000
4.66762	1.59032	2.78463	8.30000	9.60000	7.40	70.900
6.24094	1.92736	0.03226	8.40000	9.60000	7.40	57.900
4.62377	1.60527	2.76996	8.50000	9.60000	7.40	61.900
4.62392	1.60532	2.77015	8.60000	9.60000	7.40	69.200
4.62977	1.60698	2.77825	8.70000	9.60000	7.40	75.700
4.63382	1.60138	2.77778	8.80000	9.60000	7.40	73.600
4.63383	1.60138	2.77780	8.90000	9.60000	7.40	74.200
4.63239	1.60166	2.77899	9.00000	9.60000	7.40	75.300
4.63247	1.60164	2.77910	9.10000	9.60000	7.40	74.800
4.63243	1.60169	2.77904	9.20000	9.60000	7.40	72.100
4.63517	1.60346	2.77970	9.30000	9.60000	7.40	75.500
4.63500	1.60492	2.78530	9.40000	9.60000	7.40	69.800
4.63667	1.59469	2.79884	9.50000	9.60000	7.40	72.700
4.64765	1.59418	2.79978	9.60000	9.60000	7.40	73.300
4.64645	1.59036	2.79739	9.70000	9.60000	7.40	78.200
4.65592	1.59070	2.80007	9.80000	9.60000	7.40	76.600
4.64469	1.59145	2.80616	9.90000	9.60000	7.40	78.500
4.64672	1.59462	2.79932	10.00000	9.60000	7.40	79.200
4.64563	1.59338	2.78630	6.00000	9.70000	7.40	71.600
4.63852	1.60025	2.78487	6.10000	9.70000	7.40	66.700
4.63333	1.59794	2.77989	6.20000	9.70000	7.40	71.600
4.64509	1.58923	2.77342	6.30000	9.70000	7.40	76.100
4.63856	1.59014	2.77564	6.40000	9.70000	7.40	73.100
4.64023	1.58758	2.77424	6.50000	9.70000	7.40	75.700
4.64019	1.58778	2.77420	6.60000	9.70000	7.40	78.100
4.63733	1.58983	2.77358	6.70000	9.70000	7.40	76.200
4.63939	1.58821	2.77586	6.80000	9.70000	7.40	76.800
4.64047	1.59055	2.77802	6.90000	9.70000	7.40	71.100
4.64526	1.58808	2.77859	7.00000	9.70000	7.40	72.000
4.64600	1.59289	2.79940	7.10000	9.70000	7.40	66.200
4.66355	1.58653	2.79880	7.20000	9.70000	7.40	68.900
4.66075	1.58966	2.80392	7.30000	9.70000	7.40	70.600
4.67025	1.58594	2.80577	7.40000	9.70000	7.40	74.400
4.67493	1.58182	2.79928	7.50000	9.70000	7.40	78.200
4.66813	1.58648	2.80594	7.60000	9.70000	7.40	72.500
4.65743	1.59340	2.79977	7.70000	9.70000	7.40	75.300
4.67280	1.58998	2.80022	7.80000	9.70000	7.40	72.900
4.67625	1.59186	2.79860	7.90000	9.70000	7.40	72.700
4.67683	1.58388	2.79557	8.00000	9.70000	7.40	76.400
4.67275	1.58998	2.80016	8.10000	9.70000	7.40	74.000
4.67165	1.58769	2.79057	8.20000	9.70000	7.40	74.900
4.67276	1.58993	2.80017	8.30000	9.70000	7.40	64.300
4.66451	1.59210	2.79719	8.40000	9.70000	7.40	60.100
4.62882	1.60522	2.77424	8.50000	9.70000	7.40	61.400
4.62976	1.60096	2.77529	8.60000	9.70000	7.40	69.600
4.63245	1.60165	2.77907	8.70000	9.70000	7.40	76.600
4.63078	1.60274	2.77914	8.80000	9.70000	7.40	75.300
4.63274	1.60032	2.77851	8.90000	9.70000	7.40	72.700
4.63243	1.60161	2.77904	9.00000	9.70000	7.40	76.600
4.63376	1.60379	2.78093	9.10000	9.70000	7.40	78.700
4.63481	1.60030	2.78221	9.20000	9.70000	7.40	70.600
4.63152	1.60010	2.77422	9.30000	9.70000	7.40	72.800
4.64057	1.60346	2.78669	9.40000	9.70000	7.40	69.200
4.63972	1.59899	2.79049	9.50000	9.70000	7.40	67.600
4.64104	1.59762	2.80285	9.60000	9.70000	7.40	77.800
4.64833	1.59034	2.80463	9.70000	9.70000	7.40	82.600
4.64673	1.59458	2.79985	9.80000	9.70000	7.40	80.700
4.65573	1.59025	2.79910	9.90000	9.70000	7.40	77.800
4.64889	1.59175	2.80051	10.00000	9.70000	7.40	76.400
4.64055	1.59579	2.78821	6.00000	9.80000	7.40	70.000
4.64274	1.59641	2.78426	6.10000	9.80000	7.40	76.200
4.63906	1.60149	2.78955	6.20000	9.80000	7.40	74.000
4.63550	1.59502	2.78458	6.30000	9.80000	7.40	77.800
4.64467	1.59193	2.78784	6.40000	9.80000	7.40	74.000
4.63458	1.59921	2.78380	6.50000	9.80000	7.40	77.100
4.63960	1.59653	2.78194	6.60000	9.80000	7.40	75.100
4.63605	1.59422	2.78363	6.70000	9.80000	7.40	76.700
4.63565	1.59489	2.78477	6.80000	9.80000	7.40	75.100
4.64080	1.58856	2.77700	6.90000	9.80000	7.40	75.800
4.65844	1.59471	2.79328	7.00000	9.80000	7.40	65.800
4.65190	1.58760	2.80160	7.10000	9.80000	7.40	65.600
4.67076	1.58879	2.79380	7.20000	9.80000	7.40	69.200
4.66570	1.58712	2.79786	7.30000	9.80000	7.40	77.900
4.66251	1.58996	2.79202	7.40000	9.80000	7.40	77.600
4.66078	1.58750	2.80252	7.50000	9.80000	7.40	74.100
4.66576	1.58118	2.80079	7.60000	9.80000	7.40	70.300
4.67038	1.59038	2.80407	7.70000	9.80000	7.40	71.800
4.67357	1.59071	2.79385	7.80000	9.80000	7.40	76.000
4.67132	1.59519	2.80156	7.90000	9.80000	7.40	77.900
4.67529	1.58479	2.80094	8.00000	9.80000	7.40	72.900
4.67234	1.58376	2.80848	8.10000	9.80000	7.40	75.300
4.67610	1.58938	2.79883	8.20000	9.80000	7.40	71.800
4.66909	1.59334	2.79571	8.30000	9.80000	7.40	68.600
4.63949	1.59731	2.78512	8.40000	9.80000	7.40	60.200
4.62248	1.60424	2.77861	8.50000	9.80000	7.40	72.400
4.63245	1.60173	2.77907	8.60000	9.80000	7.40	69.600
4.63832	1.59877	2.77941	8.70000	9.80000	7.40	73.500
4.63241	1.60170	2.77901	8.80000	9.80000	7.40	79.300
4.63277	1.60025	2.77855	8.90000	9.80000	7.40	70.700
4.63290	1.60377	2.77634	9.00000	9.80000	7.40	74.900
4.63129	1.60028	2.77815	9.10000	9.80000	7.40	71.300
4.63474	1.60365	2.78233	9.20000	9.80000	7.40	72.500
4.63439	1.60060	2.77790	9.30000	9.80000	7.40	73.600
4.63876	1.60158	2.78984	9.40000	9.80000	7.40	75.000
4.63847	1.59550	2.78897	9.50000	9.80000	7.40	74.900
4.65458	1.59195	2.80411	9.60000	9.80000	7.40	72.800
4.65071	1.59146	2.79853	9.70000	9.80000	7.40	73.300
4.64388	1.59191	2.80312	9.80000	9.80000	7.40	81.100
4.65725	1.58599	2.79893	9.90000	9.80000	7.40	83.300
4.64845	1.59156	2.80077	10.00000	9.80000	7.40	76.200
4.64736	1.59826	2.78370	6.00000	9.90000	7.40	73.700
4.63756	1.59992	2.78427	6.10000	9.90000	7.40	73.500
4.63834	1.59548	2.78513	6.20000	9.90000	7.40	75.900
4.64634	1.59551	2.78700	6.30000	9.90000	7.40	75.000
4.63970	1.60039	2.78726	6.40000	9.90000	7.40	80.100
4.64058	1.59412	2.78359	6.50000	9.90000	7.40	83.000
4.63905	1.59655	2.77930	6.60000	9.90000	7.40	77.600
4.64341	1.59201	2.78858	6.70000	9.90000	7.40	77.400
4.64810	1.59172	2.78723	6.80000	9.90000	7.40	74.800
4.63885	1.59890	2.78787	6.90000	9.90000	7.40	71.700
4.64781	1.59532	2.79889	7.00000	9.90000	7.40	72.500
4.67135	1.59141	2.79824	7.10000	9.90000	7.40	65.600
4.66116	1.59014	2.80293	7.20000	9.90000	7.40	66.900
4.66515	1.58679	2.80009	7.30000	9.90000	7.40	74.600
4.67305	1.58544	2.80225	7.40000	9.90000	7.40	71.000
4.65943	1.59171	2.80795	7.50000	9.90000	7.40	74.900
4.67292	1.58987	2.80037	7.60000	9.90000	7.40	73.700
4.67401	1.58585	2.80388	7.70000	9.90000	7.40	77.200
4.67276	1.58993	2.80017	7.80000	9.90000	7.40	71.000
4.66286	1.59103	2.80254	7.90000	9.90000	7.40	77.800
4.67091	1.58788	2.78876	8.00000	9.90000	7.40	71.900
4.67023	1.58639	2.78842	8.10000	9.90000	7.40	73.100
4.67045	1.58629	2.78869	8.20000	9.90000	7.40	73.900
4.67021	1.59346	2.78954	8.30000	9.90000	7.40	70.600
4.63740	1.59926	2.78893	8.40000	9.90000	7.40	73.900
4.63520	1.59976	2.77607	8.50000	9.90000	7.40	70.400
4.63277	1.60025	2.77855	8.60000	9.90000	7.40	75.000
4.63075	1.60269	2.77908	8.70000	9.90000	7.40	80.400
4.63343	1.60156	2.77943	8.80000	9.90000	7.40	75.400
4.63390	1.60137	2.77789	8.90000	9.90000	7.40	74.100
4.63587	1.59889	2.77849	9.00000	9.90000	7.40	77.900
4.63334	1.60158	2.78035	9.10000	9.90000	7.40	69.200
4.63832	1.59881	2.77940	9.20000	9.90000	7.40	75.100
4.63337	1.60145	2.78038	9.30000	9.90000	7.40	71.600
4.63937	1.60217	2.79033	9.40000	9.90000	7.40	67.800
4.64133	1.59753	2.79527	9.50000	9.90000	7.40	75.700
4.65095	1.59181	2.80079	9.60000	9.90000	7.40	74.600
4.64679	1.59463	2.79993	9.70000	9.90000	7.40	78.000
4.64845	1.59156	2.80077	9.80000	9.90000	7.40	81.100
4.65324	1.59165	2.80082	9.90000	9.90000	7.40	76.900
4.65357	1.59095	2.79634	10.00000	9.90000	7.40	80.600
4.64296	1.59853	2.78655	6.00000	10.00000	7.40	75.200
4.64104	1.59459	2.78960	6.10000	10.00000	7.40	75.000
4.64578	1.59775	2.78764	6.20000	10.00000	7.40	81.100
4.64218	1.59786	2.79046	6.30000	10.00000	7.40	76.500
4.64024	1.60109	2.78984	6.40000	10.00000	7.40	80.000
4.64209	1.59533	2.78446	6.50000	10.00000	7.40	82.500
4.64099	1.59412	2.78648	6.60000	10.00000	7.40	79.600
4.64074	1.59625	2.78455	6.70000	10.00000	7.40	74.700
4.64296	1.59100	2.78541	6.80000	10.00000	7.40	73.500
4.63737	1.60014	2.78828	6.90000	10.00000	7.40	73.000
4.66591	1.59431	2.79591	7.00000	10.00000	7.40	61.400
4.67309	1.58875	2.79739	7.10000	10.00000	7.40	65.900
4.67406	1.58838	2.79589	7.20000	10.00000	7.40	73.200
4.67230	1.59048	2.80178	7.30000	10.00000	7.40	72.300
4.67553	1.59046	2.80388	7.40000	10.00000	7.40	71.300
4.67289	1.58986	2.80033	7.50000	10.00000	7.40	74.600
4.67286	1.58981	2.80027	7.60000	10.00000	7.40	71.700
4.67299	1.58539	2.80215	7.70000	10.00000	7.40	75.100
4.65927	1.58926	2.80294	7.80000	10.00000	7.40	77.600
4.67921	1.58787	2.79435	7.90000	10.00000	7.40	75.200
4.66391	1.58174	2.79868	8.00000	10.00000	7.40	75.300
4.67267	1.59114	2.79881	8.10000	10.00000	7.40	74.900
4.67139	1.58911	2.80033	8.20000	10.00000	7.40	73.700
4.66897	1.59039	2.77830	8.30000	10.00000	7.40	73.800
4.63278	1.59732	2.77675	8.40000	10.00000	7.40	62.300
4.63123	1.60022	2.77808	8.50000	10.00000	7.40	73.600
4.63385	1.60142	2.77782	8.60000	10.00000	7.40	71.000
4.63240	1.60165	2.77901	8.70000	10.00000	7.40	74.900
4.63245	1.60172	2.77907	8.80000	10.00000	7.40	78.400
4.63379	1.60134	2.77774	8.90000	10.00000	7.40	77.500
4.63073	1.60271	2.77907	9.00000	10.00000	7.40	78.400
4.62929	1.60028	2.77088	9.10000	10.00000	7.40	74.700
4.63161	1.60007	2.77432	9.20000	10.00000	7.40	74.400
4.63742	1.60202	2.78495	9.30000	10.00000	7.40	72.900
4.63857	1.60149	2.78940	9.40000	10.00000	7.40	68.600
4.65082	1.59562	2.80105	9.50000	10.00000	7.40	69.500
4.65354	1.59123	2.80019	9.60000	10.00000	7.40	79.000
4.64724	1.59124	2.79930	9.70000	10.00000	7.40	75.700
4.64148	1.59715	2.80500	9.80000	10.00000	7.40	79.800
4.65131	1.59106	2.79931	9.90000	10.00000	7.40	78.500
4.65230	1.59186	2.79897	10.00000	10.00000	7.40	79.800
