0	1	1
0	3	1
0	5	1
0	7	1
3	9	1
8	11	1
0	13	1
0	15	1
0	17	1
0	19	1
0	21	1
0	23	1
0	25	1
0	27	1
0	29	1
0	31	1
0	33	1
1	35	1
12	37	1
0	39	1
0	41	1
0	43	1
0	45	1
0	47	1
0	49	1
0	51	1
0	53	1
0	55	1
0	57	1
0	59	1
0	61	1
0	63	1
0	65	1
0	67	1
0	69	1
0	71	1
1	73	1
13	75	1
12	77	1
2	79	1
0	81	1
0	83	1
0	85	1
0	87	1
0	89	1
0	91	1
0	93	1
0	95	1
0	97	1
0	99	1
0	101	1
0	103	1
0	105	1
3	107	1
8	109	1
0	111	1
0	113	1
0	115	1
0	117	1
0	119	1
0	121	1
0	123	1
0	125	1
0	127	1
0	129	1
0	2	2
0	4	2
0	6	2
1	8	2
28	10	2
0	12	2
0	14	2
0	16	2
0	18	2
0	20	2
0	22	2
1	24	2
8	26	2
0	28	2
0	30	2
0	32	2
0	34	2
33	36	2
12	38	2
0	40	2
0	42	2
0	44	2
0	46	2
0	48	2
0	50	2
0	52	2
0	54	2
0	56	2
0	58	2
0	60	2
0	62	2
0	64	2
0	66	2
0	68	2
0	70	2
0	72	2
35	74	2
47	76	2
9	78	2
24	80	2
0	82	2
0	84	2
0	86	2
0	88	2
0	90	2
0	92	2
0	94	2
0	96	2
0	98	2
0	100	2
0	102	2
0	104	2
3	106	2
24	108	2
0	110	2
0	112	2
0	114	2
0	116	2
0	118	2
0	120	2
0	122	2
0	124	2
0	126	2
0	128	2
0	130	2
0	0	0
0	1	3
0	3	3
0	5	3
0	7	3
33	9	3
12	11	3
0	13	3
0	15	3
0	17	3
0	19	3
0	21	3
0	23	3
1	25	3
12	27	3
0	29	3
0	31	3
0	33	3
0	35	3
33	37	3
12	39	3
0	41	3
0	43	3
0	45	3
0	47	3
0	49	3
0	51	3
0	53	3
0	55	3
0	57	3
0	59	3
0	61	3
0	63	3
0	65	3
0	67	3
0	69	3
0	71	3
1	73	3
63	75	3
24	77	3
0	79	3
0	81	3
0	83	3
0	85	3
0	87	3
2	89	3
4	91	3
0	93	3
0	95	3
0	97	3
0	99	3
0	101	3
0	103	3
1	105	3
28	107	3
0	109	3
0	111	3
0	113	3
0	115	3
0	117	3
0	119	3
0	121	3
0	123	3
0	125	3
0	127	3
0	129	3
0	2	4
0	4	4
0	6	4
0	8	4
33	10	4
12	12	4
0	14	4
0	16	4
0	18	4
0	20	4
0	22	4
0	24	4
33	26	4
12	28	4
0	30	4
0	32	4
0	34	4
0	36	4
33	38	4
12	40	4
0	42	4
0	44	4
0	46	4
0	48	4
0	50	4
0	52	4
0	54	4
0	56	4
0	58	4
0	60	4
0	62	4
0	64	4
0	66	4
0	68	4
0	70	4
0	72	4
35	74	4
28	76	4
0	78	4
0	80	4
0	82	4
0	84	4
0	86	4
1	88	4
57	90	4
8	92	4
0	94	4
0	96	4
0	98	4
0	100	4
0	102	4
0	104	4
35	106	4
8	108	4
1	110	4
8	112	4
0	114	4
0	116	4
0	118	4
0	120	4
0	122	4
0	124	4
0	126	4
0	128	4
0	130	4
0	0	0
0	1	5
0	3	5
0	5	5
0	7	5
0	9	5
34	11	5
7	13	5
8	15	5
0	17	5
0	19	5
0	21	5
0	23	5
0	25	5
32	27	5
0	29	5
0	31	5
0	33	5
0	35	5
0	37	5
35	39	5
8	41	5
0	43	5
0	45	5
0	47	5
0	49	5
0	51	5
0	53	5
0	55	5
0	57	5
0	59	5
0	61	5
0	63	5
0	65	5
0	67	5
0	69	5
0	71	5
3	73	5
57	75	5
12	77	5
0	79	5
0	81	5
0	83	5
0	85	5
0	87	5
0	89	5
0	91	5
0	93	5
0	95	5
0	97	5
0	99	5
0	101	5
0	103	5
1	105	5
28	107	5
0	109	5
0	111	5
0	113	5
0	115	5
0	117	5
0	119	5
0	121	5
0	123	5
0	125	5
0	127	5
0	129	5
0	2	6
0	4	6
0	6	6
0	8	6
1	10	6
56	12	6
16	14	6
0	16	6
0	18	6
0	20	6
0	22	6
0	24	6
0	26	6
4	28	6
0	30	6
0	32	6
0	34	6
0	36	6
1	38	6
28	40	6
0	42	6
0	44	6
0	46	6
0	48	6
0	50	6
0	52	6
0	54	6
0	56	6
0	58	6
0	60	6
0	62	6
0	64	6
0	66	6
0	68	6
0	70	6
1	72	6
28	74	6
35	76	6
8	78	6
0	80	6
0	82	6
0	84	6
0	86	6
0	88	6
0	90	6
0	92	6
0	94	6
0	96	6
0	98	6
0	100	6
0	102	6
0	104	6
33	106	6
12	108	6
0	110	6
0	112	6
0	114	6
0	116	6
0	118	6
0	120	6
0	122	6
0	124	6
0	126	6
0	128	6
0	130	6
0	0	0
0	1	7
0	3	7
0	5	7
0	7	7
0	9	7
0	11	7
0	13	7
0	15	7
0	17	7
0	19	7
0	21	7
0	23	7
0	25	7
32	27	7
0	29	7
0	31	7
0	33	7
0	35	7
0	37	7
35	39	7
8	41	7
0	43	7
0	45	7
0	47	7
0	49	7
0	51	7
0	53	7
0	55	7
0	57	7
0	59	7
0	61	7
0	63	7
0	65	7
0	67	7
0	69	7
0	71	7
35	73	7
9	75	7
28	77	7
0	79	7
0	81	7
0	83	7
0	85	7
0	87	7
0	89	7
0	91	7
0	93	7
0	95	7
0	97	7
0	99	7
0	101	7
0	103	7
0	105	7
33	107	7
12	109	7
0	111	7
0	113	7
0	115	7
0	117	7
0	119	7
0	121	7
0	123	7
0	125	7
0	127	7
0	129	7
0	2	8
0	4	8
0	6	8
0	8	8
0	10	8
0	12	8
4	14	8
0	16	8
0	18	8
0	20	8
0	22	8
0	24	8
0	26	8
0	28	8
0	30	8
0	32	8
0	34	8
0	36	8
1	38	8
28	40	8
0	42	8
0	44	8
0	46	8
0	48	8
0	50	8
0	52	8
0	54	8
0	56	8
0	58	8
0	60	8
0	62	8
0	64	8
0	66	8
0	68	8
0	70	8
1	72	8
28	74	8
35	76	8
8	78	8
0	80	8
0	82	8
0	84	8
0	86	8
0	88	8
0	90	8
0	92	8
0	94	8
0	96	8
0	98	8
0	100	8
0	102	8
0	104	8
0	106	8
33	108	8
13	110	8
8	112	8
0	114	8
0	116	8
0	118	8
0	120	8
0	122	8
0	124	8
0	126	8
0	128	8
0	130	8
0	0	0
0	1	9
0	3	9
0	5	9
0	7	9
0	9	9
0	11	9
35	13	9
8	15	9
0	17	9
0	19	9
0	21	9
0	23	9
0	25	9
0	27	9
0	29	9
0	31	9
0	33	9
0	35	9
0	37	9
33	39	9
12	41	9
0	43	9
0	45	9
0	47	9
0	49	9
0	51	9
0	53	9
0	55	9
0	57	9
0	59	9
0	61	9
0	63	9
0	65	9
0	67	9
0	69	9
0	71	9
33	73	9
15	75	9
28	77	9
0	79	9
0	81	9
0	83	9
0	85	9
0	87	9
0	89	9
0	91	9
0	93	9
0	95	9
0	97	9
0	99	9
0	101	9
0	103	9
0	105	9
0	107	9
33	109	9
12	111	9
0	113	9
0	115	9
0	117	9
0	119	9
0	121	9
0	123	9
0	125	9
0	127	9
0	129	9
0	2	10
0	4	10
0	6	10
0	8	10
0	10	10
5	12	10
24	14	10
0	16	10
0	18	10
0	20	10
0	22	10
0	24	10
0	26	10
0	28	10
0	30	10
0	32	10
0	34	10
0	36	10
0	38	10
35	40	10
8	42	10
0	44	10
0	46	10
0	48	10
0	50	10
0	52	10
0	54	10
0	56	10
0	58	10
0	60	10
0	62	10
0	64	10
0	66	10
0	68	10
0	70	10
0	72	10
32	74	10
49	76	10
12	78	10
0	80	10
0	82	10
1	84	10
8	86	10
0	88	10
0	90	10
0	92	10
0	94	10
0	96	10
0	98	10
0	100	10
0	102	10
0	104	10
0	106	10
0	108	10
33	110	10
12	112	10
0	114	10
0	116	10
0	118	10
0	120	10
0	122	10
0	124	10
0	126	10
0	128	10
0	130	10
0	0	0
0	1	11
0	3	11
0	5	11
0	7	11
0	9	11
32	11	11
0	13	11
0	15	11
0	17	11
0	19	11
0	21	11
0	23	11
0	25	11
0	27	11
0	29	11
0	31	11
0	33	11
0	35	11
0	37	11
1	39	11
28	41	11
0	43	11
0	45	11
0	47	11
0	49	11
0	51	11
0	53	11
0	55	11
0	57	11
0	59	11
0	61	11
0	63	11
0	65	11
0	67	11
0	69	11
0	71	11
0	73	11
2	75	11
39	77	11
8	79	11
0	81	11
4	83	11
0	85	11
0	87	11
0	89	11
0	91	11
0	93	11
0	95	11
0	97	11
0	99	11
0	101	11
0	103	11
0	105	11
0	107	11
0	109	11
35	111	11
8	113	11
4	115	11
0	117	11
0	119	11
0	121	11
0	123	11
0	125	11
0	127	11
0	129	11
0	2	12
0	4	12
0	6	12
0	8	12
0	10	12
0	12	12
0	14	12
0	16	12
0	18	12
0	20	12
0	22	12
0	24	12
0	26	12
0	28	12
0	30	12
0	32	12
4	34	12
0	36	12
0	38	12
33	40	12
12	42	12
0	44	12
0	46	12
0	48	12
0	50	12
0	52	12
0	54	12
0	56	12
0	58	12
0	60	12
0	62	12
0	64	12
0	66	12
0	68	12
0	70	12
0	72	12
3	74	12
56	76	12
16	78	12
0	80	12
34	82	12
0	84	12
0	86	12
0	88	12
0	90	12
0	92	12
0	94	12
0	96	12
0	98	12
0	100	12
0	102	12
0	104	12
0	106	12
0	108	12
1	110	12
30	112	12
36	114	12
0	116	12
0	118	12
0	120	12
0	122	12
0	124	12
0	126	12
0	128	12
0	130	12
0	0	0
0	1	13
0	3	13
0	5	13
0	7	13
0	9	13
0	11	13
0	13	13
0	15	13
0	17	13
0	19	13
0	21	13
0	23	13
0	25	13
0	27	13
0	29	13
0	31	13
35	33	13
8	35	13
0	37	13
0	39	13
33	41	13
12	43	13
0	45	13
0	47	13
0	49	13
0	51	13
0	53	13
0	55	13
0	57	13
0	59	13
0	61	13
0	63	13
0	65	13
0	67	13
0	69	13
0	71	13
1	73	13
28	75	13
0	77	13
0	79	13
1	81	13
24	83	13
0	85	13
0	87	13
0	89	13
0	91	13
0	93	13
0	95	13
0	97	13
0	99	13
0	101	13
0	103	13
0	105	13
0	107	13
0	109	13
32	111	13
55	113	13
12	115	13
0	117	13
0	119	13
0	121	13
0	123	13
0	125	13
0	127	13
0	129	13
0	2	14
0	4	14
0	6	14
0	8	14
0	10	14
0	12	14
0	14	14
0	16	14
0	18	14
0	20	14
0	22	14
0	24	14
0	26	14
0	28	14
0	30	14
1	32	14
28	34	14
0	36	14
0	38	14
0	40	14
35	42	14
8	44	14
0	46	14
0	48	14
0	50	14
0	52	14
0	54	14
0	56	14
0	58	14
0	60	14
0	62	14
0	64	14
0	66	14
0	68	14
0	70	14
0	72	14
33	74	14
12	76	14
0	78	14
0	80	14
0	82	14
0	84	14
0	86	14
0	88	14
0	90	14
0	92	14
0	94	14
0	96	14
0	98	14
0	100	14
0	102	14
0	104	14
0	106	14
0	108	14
0	110	14
32	112	14
49	114	14
12	116	14
0	118	14
0	120	14
0	122	14
0	124	14
0	126	14
0	128	14
0	130	14
0	0	0
0	1	15
0	3	15
0	5	15
0	7	15
0	9	15
3	11	15
8	13	15
0	15	15
0	17	15
0	19	15
0	21	15
0	23	15
0	25	15
0	27	15
0	29	15
0	31	15
35	33	15
8	35	15
0	37	15
0	39	15
1	41	15
28	43	15
0	45	15
0	47	15
0	49	15
0	51	15
0	53	15
0	55	15
0	57	15
0	59	15
0	61	15
0	63	15
0	65	15
0	67	15
0	69	15
0	71	15
0	73	15
33	75	15
12	77	15
0	79	15
1	81	15
8	83	15
0	85	15
0	87	15
0	89	15
0	91	15
0	93	15
0	95	15
0	97	15
0	99	15
0	101	15
0	103	15
0	105	15
0	107	15
0	109	15
0	111	15
0	113	15
33	115	15
12	117	15
0	119	15
0	121	15
0	123	15
0	125	15
0	127	15
0	129	15
0	2	16
0	4	16
0	6	16
0	8	16
0	10	16
20	12	16
0	14	16
0	16	16
0	18	16
0	20	16
0	22	16
0	24	16
0	26	16
0	28	16
0	30	16
3	32	16
24	34	16
0	36	16
0	38	16
0	40	16
33	42	16
12	44	16
0	46	16
0	48	16
0	50	16
0	52	16
0	54	16
0	56	16
0	58	16
0	60	16
0	62	16
0	64	16
0	66	16
0	68	16
0	70	16
0	72	16
0	74	16
33	76	16
12	78	16
1	80	16
8	82	16
0	84	16
0	86	16
0	88	16
0	90	16
0	92	16
0	94	16
0	96	16
0	98	16
0	100	16
0	102	16
0	104	16
0	106	16
0	108	16
0	110	16
0	112	16
0	114	16
33	116	16
14	118	16
4	120	16
0	122	16
0	124	16
0	126	16
0	128	16
0	130	16
0	0	0
0	1	17
0	3	17
0	5	17
0	7	17
0	9	17
35	11	17
8	13	17
0	15	17
0	17	17
0	19	17
0	21	17
0	23	17
0	25	17
0	27	17
2	29	17
7	31	17
24	33	17
0	35	17
0	37	17
0	39	17
0	41	17
35	43	17
8	45	17
0	47	17
0	49	17
0	51	17
0	53	17
0	55	17
0	57	17
0	59	17
0	61	17
0	63	17
0	65	17
0	67	17
0	69	17
0	71	17
0	73	17
0	75	17
35	77	17
8	79	17
4	81	17
0	83	17
0	85	17
0	87	17
0	89	17
0	91	17
0	93	17
0	95	17
0	97	17
0	99	17
0	101	17
0	103	17
0	105	17
0	107	17
0	109	17
0	111	17
0	113	17
0	115	17
32	117	17
49	119	17
12	121	17
0	123	17
0	125	17
0	127	17
0	129	17
0	2	18
0	4	18
0	6	18
0	8	18
1	10	18
24	12	18
0	14	18
0	16	18
0	18	18
0	20	18
0	22	18
0	24	18
0	26	18
1	28	18
60	30	18
16	32	18
0	34	18
0	36	18
0	38	18
0	40	18
3	42	18
24	44	18
0	46	18
0	48	18
0	50	18
0	52	18
0	54	18
0	56	18
0	58	18
0	60	18
0	62	18
0	64	18
0	66	18
0	68	18
0	70	18
0	72	18
0	74	18
3	76	18
24	78	18
33	80	18
8	82	18
0	84	18
0	86	18
0	88	18
0	90	18
0	92	18
0	94	18
0	96	18
0	98	18
0	100	18
0	102	18
0	104	18
0	106	18
0	108	18
0	110	18
0	112	18
0	114	18
0	116	18
0	118	18
35	120	18
8	122	18
2	124	18
4	126	18
0	128	18
0	130	18
0	0	0
0	1	19
0	3	19
0	5	19
1	7	19
8	9	19
0	11	19
0	13	19
0	15	19
0	17	19
0	19	19
0	21	19
4	23	19
0	25	19
0	27	19
35	29	19
8	31	19
0	33	19
0	35	19
0	37	19
4	39	19
1	41	19
28	43	19
0	45	19
0	47	19
0	49	19
0	51	19
0	53	19
0	55	19
0	57	19
0	59	19
0	61	19
0	63	19
0	65	19
0	67	19
0	69	19
0	71	19
0	73	19
1	75	19
28	77	19
0	79	19
0	81	19
0	83	19
0	85	19
0	87	19
0	89	19
0	91	19
0	93	19
0	95	19
0	97	19
0	99	19
0	101	19
0	103	19
0	105	19
0	107	19
0	109	19
0	111	19
0	113	19
0	115	19
0	117	19
3	119	19
28	121	19
0	123	19
48	125	19
0	127	19
0	129	19
0	2	20
0	4	20
0	6	20
0	8	20
0	10	20
0	12	20
0	14	20
0	16	20
0	18	20
0	20	20
33	22	20
12	24	20
0	26	20
1	28	20
28	30	20
0	32	20
0	34	20
1	36	20
47	38	20
8	40	20
33	42	20
12	44	20
0	46	20
0	48	20
0	50	20
0	52	20
0	54	20
0	56	20
0	58	20
0	60	20
0	62	20
0	64	20
0	66	20
0	68	20
0	70	20
0	72	20
0	74	20
33	76	20
12	78	20
0	80	20
0	82	20
0	84	20
0	86	20
0	88	20
0	90	20
0	92	20
0	94	20
0	96	20
0	98	20
0	100	20
0	102	20
0	104	20
0	106	20
0	108	20
0	110	20
0	112	20
0	114	20
0	116	20
1	118	20
57	120	20
12	122	20
0	124	20
0	126	20
0	128	20
0	130	20
0	0	0
0	1	21
0	3	21
0	5	21
0	7	21
0	9	21
0	11	21
0	13	21
0	15	21
0	17	21
0	19	21
0	21	21
32	23	21
4	25	21
0	27	21
35	29	21
8	31	21
0	33	21
0	35	21
32	37	21
16	39	21
0	41	21
35	43	21
8	45	21
0	47	21
0	49	21
0	51	21
0	53	21
0	55	21
0	57	21
0	59	21
0	61	21
0	63	21
0	65	21
0	67	21
0	69	21
0	71	21
0	73	21
0	75	21
35	77	21
8	79	21
1	81	21
12	83	21
0	85	21
0	87	21
0	89	21
0	91	21
0	93	21
0	95	21
0	97	21
0	99	21
0	101	21
0	103	21
0	105	21
0	107	21
0	109	21
0	111	21
0	113	21
0	115	21
2	117	21
2	119	21
33	121	21
12	123	21
0	125	21
4	127	21
0	129	21
0	2	22
0	4	22
4	6	22
0	8	22
0	10	22
0	12	22
0	14	22
0	16	22
0	18	22
0	20	22
0	22	22
33	24	22
14	26	22
7	28	22
24	30	22
1	32	22
8	34	22
0	36	22
0	38	22
0	40	22
1	42	22
28	44	22
0	46	22
0	48	22
0	50	22
0	52	22
0	54	22
0	56	22
0	58	22
0	60	22
0	62	22
0	64	22
0	66	22
0	68	22
0	70	22
0	72	22
0	74	22
1	76	22
28	78	22
0	80	22
33	82	22
8	84	22
0	86	22
0	88	22
0	90	22
0	92	22
0	94	22
0	96	22
0	98	22
0	100	22
0	102	22
0	104	22
0	106	22
0	108	22
0	110	22
0	112	22
0	114	22
3	116	22
24	118	22
16	120	22
33	122	22
12	124	22
32	126	22
0	128	22
0	130	22
0	0	0
0	1	23
0	3	23
35	5	23
8	7	23
0	9	23
0	11	23
0	13	23
0	15	23
0	17	23
0	19	23
0	21	23
0	23	23
32	25	23
51	27	23
24	29	23
0	31	23
0	33	23
0	35	23
0	37	23
0	39	23
0	41	23
35	43	23
8	45	23
0	47	23
0	49	23
0	51	23
0	53	23
0	55	23
0	57	23
0	59	23
0	61	23
0	63	23
0	65	23
0	67	23
0	69	23
0	71	23
0	73	23
2	75	23
39	77	23
8	79	23
0	81	23
0	83	23
0	85	23
0	87	23
0	89	23
0	91	23
0	93	23
0	95	23
0	97	23
0	99	23
0	101	23
0	103	23
0	105	23
0	107	23
0	109	23
0	111	23
0	113	23
3	115	23
24	117	23
0	119	23
0	121	23
35	123	23
12	125	23
0	127	23
0	129	23
0	2	24
3	4	24
24	6	24
0	8	24
0	10	24
0	12	24
0	14	24
0	16	24
0	18	24
0	20	24
0	22	24
0	24	24
3	26	24
24	28	24
0	30	24
0	32	24
0	34	24
0	36	24
0	38	24
0	40	24
1	42	24
28	44	24
0	46	24
0	48	24
0	50	24
0	52	24
0	54	24
0	56	24
0	58	24
0	60	24
0	62	24
0	64	24
0	66	24
0	68	24
0	70	24
0	72	24
3	74	24
56	76	24
16	78	24
0	80	24
1	82	24
8	84	24
0	86	24
0	88	24
0	90	24
0	92	24
0	94	24
0	96	24
0	98	24
0	100	24
0	102	24
0	104	24
0	106	24
0	108	24
0	110	24
0	112	24
3	114	24
24	116	24
0	118	24
0	120	24
1	122	24
59	124	24
12	126	24
0	128	24
0	130	24
0	0	0
0	1	25
0	3	25
16	5	25
0	7	25
0	9	25
0	11	25
0	13	25
0	15	25
0	17	25
0	19	25
0	21	25
0	23	25
1	25	25
28	27	25
0	29	25
0	31	25
0	33	25
0	35	25
0	37	25
0	39	25
0	41	25
35	43	25
8	45	25
2	47	25
0	49	25
0	51	25
0	53	25
0	55	25
0	57	25
0	59	25
0	61	25
0	63	25
0	65	25
0	67	25
0	69	25
0	71	25
1	73	25
28	75	25
0	77	25
0	79	25
1	81	25
8	83	25
0	85	25
0	87	25
0	89	25
0	91	25
0	93	25
0	95	25
0	97	25
0	99	25
0	101	25
0	103	25
0	105	25
0	107	25
0	109	25
0	111	25
1	113	25
30	115	25
0	117	25
0	119	25
0	121	25
0	123	25
49	125	25
12	127	25
0	129	25
0	2	26
0	4	26
0	6	26
0	8	26
0	10	26
0	12	26
0	14	26
0	16	26
0	18	26
0	20	26
0	22	26
0	24	26
35	26	26
8	28	26
0	30	26
0	32	26
0	34	26
0	36	26
0	38	26
0	40	26
3	42	26
24	44	26
0	46	26
16	48	26
0	50	26
0	52	26
0	54	26
0	56	26
0	58	26
0	60	26
0	62	26
0	64	26
0	66	26
0	68	26
0	70	26
0	72	26
33	74	26
12	76	26
0	78	26
0	80	26
1	82	26
8	84	26
0	86	26
0	88	26
0	90	26
0	92	26
0	94	26
0	96	26
0	98	26
0	100	26
0	102	26
0	104	26
0	106	26
0	108	26
0	110	26
0	112	26
35	114	26
24	116	26
0	118	26
0	120	26
0	122	26
0	124	26
33	126	26
12	128	26
0	130	26
0	0	0
0	1	27
0	3	27
0	5	27
0	7	27
0	9	27
0	11	27
0	13	27
0	15	27
0	17	27
0	19	27
0	21	27
0	23	27
3	25	27
24	27	27
0	29	27
0	31	27
0	33	27
0	35	27
0	37	27
0	39	27
1	41	27
28	43	27
0	45	27
0	47	27
0	49	27
0	51	27
0	53	27
0	55	27
0	57	27
0	59	27
0	61	27
0	63	27
0	65	27
0	67	27
0	69	27
0	71	27
2	73	27
39	75	27
8	77	27
0	79	27
0	81	27
0	83	27
0	85	27
0	87	27
0	89	27
0	91	27
0	93	27
0	95	27
0	97	27
0	99	27
0	101	27
0	103	27
0	105	27
0	107	27
0	109	27
0	111	27
3	113	27
24	115	27
0	117	27
0	119	27
0	121	27
0	123	27
0	125	27
33	127	27
12	129	27
0	2	28
0	4	28
0	6	28
0	8	28
0	10	28
0	12	28
0	14	28
0	16	28
0	18	28
0	20	28
0	22	28
1	24	28
28	26	28
0	28	28
0	30	28
0	32	28
0	34	28
0	36	28
0	38	28
0	40	28
35	42	28
8	44	28
0	46	28
0	48	28
0	50	28
0	52	28
0	54	28
0	56	28
0	58	28
0	60	28
0	62	28
0	64	28
0	66	28
0	68	28
0	70	28
1	72	28
60	74	28
16	76	28
0	78	28
0	80	28
0	82	28
0	84	28
0	86	28
0	88	28
0	90	28
0	92	28
0	94	28
0	96	28
0	98	28
0	100	28
0	102	28
0	104	28
0	106	28
0	108	28
0	110	28
1	112	28
28	114	28
0	116	28
0	118	28
0	120	28
0	122	28
0	124	28
0	126	28
35	128	28
8	130	28
0	0	0
0	1	29
0	3	29
0	5	29
0	7	29
0	9	29
0	11	29
0	13	29
0	15	29
0	17	29
0	19	29
2	21	29
0	23	29
35	25	29
8	27	29
0	29	29
0	31	29
0	33	29
0	35	29
0	37	29
0	39	29
1	41	29
28	43	29
0	45	29
0	47	29
0	49	29
0	51	29
0	53	29
0	55	29
0	57	29
0	59	29
0	61	29
0	63	29
0	65	29
0	67	29
0	69	29
0	71	29
35	73	29
8	75	29
0	77	29
0	79	29
0	81	29
0	83	29
0	85	29
0	87	29
0	89	29
0	91	29
0	93	29
0	95	29
0	97	29
0	99	29
0	101	29
0	103	29
0	105	29
0	107	29
0	109	29
0	111	29
33	113	29
12	115	29
0	117	29
0	119	29
0	121	29
0	123	29
0	125	29
1	127	29
28	129	29
0	2	30
0	4	30
0	6	30
0	8	30
0	10	30
0	12	30
0	14	30
0	16	30
0	18	30
1	20	30
24	22	30
1	24	30
28	26	30
0	28	30
0	30	30
0	32	30
0	34	30
0	36	30
0	38	30
0	40	30
35	42	30
8	44	30
0	46	30
0	48	30
0	50	30
0	52	30
0	54	30
0	56	30
0	58	30
0	60	30
0	62	30
0	64	30
0	66	30
0	68	30
0	70	30
1	72	30
28	74	30
0	76	30
1	78	30
8	80	30
0	82	30
0	84	30
0	86	30
0	88	30
0	90	30
0	92	30
0	94	30
0	96	30
0	98	30
0	100	30
0	102	30
0	104	30
0	106	30
0	108	30
0	110	30
0	112	30
33	114	30
12	116	30
0	118	30
0	120	30
0	122	30
0	124	30
0	126	30
35	128	30
8	130	30
0	0	0
0	1	31
7	3	31
8	5	31
0	7	31
0	9	31
0	11	31
0	13	31
0	15	31
0	17	31
0	19	31
0	21	31
0	23	31
35	25	31
8	27	31
0	29	31
0	31	31
0	33	31
0	35	31
0	37	31
0	39	31
1	41	31
28	43	31
0	45	31
0	47	31
0	49	31
0	51	31
0	53	31
0	55	31
0	57	31
0	59	31
0	61	31
0	63	31
0	65	31
0	67	31
0	69	31
0	71	31
35	73	31
8	75	31
0	77	31
0	79	31
0	81	31
0	83	31
0	85	31
0	87	31
0	89	31
0	91	31
0	93	31
0	95	31
0	97	31
0	99	31
0	101	31
0	103	31
0	105	31
0	107	31
0	109	31
0	111	31
0	113	31
33	115	31
12	117	31
0	119	31
0	121	31
0	123	31
0	125	31
1	127	31
28	129	31
32	2	32
16	4	32
0	6	32
0	8	32
0	10	32
0	12	32
0	14	32
0	16	32
0	18	32
0	20	32
0	22	32
3	24	32
24	26	32
0	28	32
0	30	32
0	32	32
0	34	32
0	36	32
0	38	32
0	40	32
33	42	32
12	44	32
0	46	32
0	48	32
0	50	32
0	52	32
0	54	32
0	56	32
0	58	32
0	60	32
0	62	32
0	64	32
0	66	32
0	68	32
0	70	32
3	72	32
24	74	32
0	76	32
0	78	32
0	80	32
0	82	32
0	84	32
0	86	32
0	88	32
0	90	32
0	92	32
0	94	32
0	96	32
0	98	32
0	100	32
0	102	32
0	104	32
0	106	32
0	108	32
0	110	32
0	112	32
1	114	32
47	116	32
8	118	32
0	120	32
0	122	32
0	124	32
0	126	32
35	128	32
8	130	32
0	0	0
0	1	33
0	3	33
0	5	33
0	7	33
0	9	33
0	11	33
0	13	33
0	15	33
0	17	33
0	19	33
0	21	33
1	23	33
28	25	33
0	27	33
0	29	33
0	31	33
0	33	33
0	35	33
0	37	33
0	39	33
0	41	33
33	43	33
12	45	33
0	47	33
0	49	33
0	51	33
0	53	33
0	55	33
0	57	33
0	59	33
0	61	33
0	63	33
0	65	33
0	67	33
0	69	33
1	71	33
30	73	33
4	75	33
0	77	33
0	79	33
0	81	33
0	83	33
0	85	33
0	87	33
0	89	33
0	91	33
0	93	33
0	95	33
0	97	33
0	99	33
0	101	33
0	103	33
0	105	33
0	107	33
0	109	33
0	111	33
0	113	33
33	115	33
28	117	33
0	119	33
0	121	33
0	123	33
0	125	33
1	127	33
28	129	33
0	2	34
0	4	34
0	6	34
0	8	34
0	10	34
0	12	34
0	14	34
0	16	34
0	18	34
0	20	34
0	22	34
35	24	34
8	26	34
0	28	34
0	30	34
0	32	34
0	34	34
0	36	34
0	38	34
0	40	34
0	42	34
35	44	34
8	46	34
0	48	34
0	50	34
0	52	34
0	54	34
0	56	34
0	58	34
0	60	34
0	62	34
0	64	34
0	66	34
0	68	34
0	70	34
32	72	34
51	74	34
8	76	34
0	78	34
0	80	34
0	82	34
0	84	34
0	86	34
0	88	34
0	90	34
0	92	34
0	94	34
0	96	34
0	98	34
0	100	34
0	102	34
0	104	34
0	106	34
0	108	34
0	110	34
0	112	34
0	114	34
33	116	34
12	118	34
0	120	34
0	122	34
0	124	34
0	126	34
33	128	34
12	130	34
0	0	0
0	1	35
0	3	35
0	5	35
0	7	35
0	9	35
0	11	35
0	13	35
0	15	35
0	17	35
0	19	35
0	21	35
1	23	35
28	25	35
0	27	35
0	29	35
0	31	35
0	33	35
0	35	35
0	37	35
0	39	35
0	41	35
1	43	35
28	45	35
0	47	35
0	49	35
0	51	35
0	53	35
0	55	35
0	57	35
0	59	35
0	61	35
0	63	35
0	65	35
0	67	35
0	69	35
0	71	35
1	73	35
28	75	35
0	77	35
0	79	35
0	81	35
0	83	35
0	85	35
0	87	35
0	89	35
0	91	35
0	93	35
0	95	35
0	97	35
0	99	35
0	101	35
0	103	35
0	105	35
0	107	35
0	109	35
0	111	35
0	113	35
0	115	35
33	117	35
12	119	35
0	121	35
0	123	35
0	125	35
0	127	35
33	129	35
0	2	36
0	4	36
0	6	36
0	8	36
0	10	36
0	12	36
0	14	36
0	16	36
0	18	36
0	20	36
0	22	36
35	24	36
8	26	36
0	28	36
0	30	36
0	32	36
0	34	36
0	36	36
0	38	36
0	40	36
0	42	36
35	44	36
8	46	36
0	48	36
0	50	36
0	52	36
0	54	36
0	56	36
0	58	36
0	60	36
0	62	36
0	64	36
0	66	36
0	68	36
0	70	36
0	72	36
33	74	36
12	76	36
0	78	36
0	80	36
0	82	36
0	84	36
0	86	36
0	88	36
0	90	36
0	92	36
0	94	36
0	96	36
0	98	36
0	100	36
0	102	36
0	104	36
0	106	36
0	108	36
0	110	36
0	112	36
0	114	36
0	116	36
35	118	36
8	120	36
0	122	36
0	124	36
0	126	36
0	128	36
32	130	36
0	0	0
0	1	37
0	3	37
0	5	37
0	7	37
0	9	37
0	11	37
0	13	37
0	15	37
0	17	37
0	19	37
0	21	37
1	23	37
28	25	37
0	27	37
0	29	37
0	31	37
0	33	37
0	35	37
0	37	37
0	39	37
0	41	37
1	43	37
28	45	37
0	47	37
0	49	37
0	51	37
0	53	37
0	55	37
0	57	37
0	59	37
0	61	37
0	63	37
0	65	37
0	67	37
0	69	37
1	71	37
8	73	37
33	75	37
12	77	37
0	79	37
0	81	37
0	83	37
0	85	37
0	87	37
0	89	37
0	91	37
0	93	37
0	95	37
0	97	37
0	99	37
0	101	37
0	103	37
0	105	37
0	107	37
0	109	37
0	111	37
0	113	37
0	115	37
1	117	37
28	119	37
0	121	37
0	123	37
0	125	37
2	127	37
7	129	37
0	2	38
0	4	38
0	6	38
0	8	38
0	10	38
0	12	38
0	14	38
0	16	38
0	18	38
0	20	38
0	22	38
35	24	38
8	26	38
0	28	38
0	30	38
0	32	38
0	34	38
0	36	38
4	38	38
0	40	38
0	42	38
35	44	38
8	46	38
0	48	38
0	50	38
0	52	38
0	54	38
0	56	38
0	58	38
0	60	38
0	62	38
0	64	38
0	66	38
0	68	38
0	70	38
0	72	38
2	74	38
39	76	38
8	78	38
0	80	38
0	82	38
0	84	38
0	86	38
0	88	38
0	90	38
0	92	38
0	94	38
0	96	38
0	98	38
0	100	38
0	102	38
0	104	38
0	106	38
0	108	38
0	110	38
0	112	38
0	114	38
0	116	38
35	118	38
8	120	38
0	122	38
0	124	38
1	126	38
60	128	38
16	130	38
0	0	0
2	1	39
0	3	39
0	5	39
0	7	39
0	9	39
0	11	39
0	13	39
0	15	39
0	17	39
0	19	39
0	21	39
3	23	39
24	25	39
0	27	39
0	29	39
0	31	39
0	33	39
0	35	39
32	37	39
0	39	39
0	41	39
1	43	39
28	45	39
0	47	39
0	49	39
0	51	39
0	53	39
0	55	39
0	57	39
0	59	39
0	61	39
0	63	39
0	65	39
0	67	39
0	69	39
0	71	39
3	73	39
56	75	39
16	77	39
0	79	39
0	81	39
0	83	39
0	85	39
0	87	39
0	89	39
0	91	39
0	93	39
0	95	39
0	97	39
0	99	39
0	101	39
0	103	39
0	105	39
0	107	39
0	109	39
0	111	39
0	113	39
0	115	39
3	117	39
24	119	39
0	121	39
0	123	39
0	125	39
33	127	39
12	129	39
16	2	40
0	4	40
0	6	40
0	8	40
0	10	40
0	12	40
0	14	40
0	16	40
0	18	40
0	20	40
1	22	40
28	24	40
0	26	40
0	28	40
0	30	40
0	32	40
0	34	40
0	36	40
0	38	40
0	40	40
0	42	40
35	44	40
8	46	40
0	48	40
0	50	40
0	52	40
0	54	40
0	56	40
0	58	40
0	60	40
0	62	40
0	64	40
0	66	40
0	68	40
0	70	40
1	72	40
30	74	40
4	76	40
0	78	40
0	80	40
0	82	40
0	84	40
0	86	40
0	88	40
0	90	40
0	92	40
0	94	40
0	96	40
0	98	40
0	100	40
0	102	40
0	104	40
0	106	40
0	108	40
0	110	40
0	112	40
0	114	40
1	116	40
28	118	40
0	120	40
0	122	40
0	124	40
0	126	40
35	128	40
8	130	40
0	0	0
0	1	41
0	3	41
0	5	41
0	7	41
0	9	41
0	11	41
0	13	41
0	15	41
0	17	41
0	19	41
0	21	41
33	23	41
8	25	41
0	27	41
0	29	41
0	31	41
0	33	41
2	35	41
4	37	41
0	39	41
0	41	41
1	43	41
30	45	41
4	47	41
0	49	41
0	51	41
0	53	41
0	55	41
0	57	41
0	59	41
0	61	41
0	63	41
0	65	41
0	67	41
0	69	41
0	71	41
32	73	41
49	75	41
12	77	41
0	79	41
0	81	41
0	83	41
0	85	41
0	87	41
0	89	41
0	91	41
0	93	41
0	95	41
0	97	41
0	99	41
0	101	41
0	103	41
0	105	41
0	107	41
0	109	41
0	111	41
0	113	41
0	115	41
33	117	41
12	119	41
0	121	41
0	123	41
0	125	41
1	127	41
28	129	41
0	2	42
0	4	42
0	6	42
2	8	42
0	10	42
0	12	42
0	14	42
0	16	42
0	18	42
0	20	42
0	22	42
4	24	42
0	26	42
0	28	42
0	30	42
0	32	42
1	34	42
63	36	42
8	38	42
0	40	42
0	42	42
32	44	42
49	46	42
12	48	42
0	50	42
0	52	42
0	54	42
0	56	42
0	58	42
0	60	42
0	62	42
0	64	42
0	66	42
0	68	42
0	70	42
0	72	42
0	74	42
35	76	42
8	78	42
0	80	42
0	82	42
0	84	42
0	86	42
0	88	42
0	90	42
0	92	42
0	94	42
0	96	42
0	98	42
0	100	42
0	102	42
0	104	42
0	106	42
0	108	42
0	110	42
0	112	42
0	114	42
0	116	42
35	118	42
12	120	42
0	122	42
0	124	42
0	126	42
35	128	42
8	130	42
0	0	0
0	1	43
0	3	43
0	5	43
0	7	43
16	9	43
0	11	43
0	13	43
0	15	43
0	17	43
0	19	43
2	21	43
39	23	43
8	25	43
0	27	43
0	29	43
0	31	43
0	33	43
32	35	43
16	37	43
0	39	43
0	41	43
0	43	43
0	45	43
35	47	43
8	49	43
4	51	43
0	53	43
0	55	43
0	57	43
0	59	43
0	61	43
0	63	43
0	65	43
0	67	43
0	69	43
0	71	43
0	73	43
1	75	43
28	77	43
0	79	43
0	81	43
0	83	43
0	85	43
0	87	43
0	89	43
0	91	43
0	93	43
0	95	43
0	97	43
0	99	43
0	101	43
0	103	43
0	105	43
0	107	43
0	109	43
0	111	43
0	113	43
2	115	43
6	117	43
51	119	43
8	121	43
0	123	43
0	125	43
1	127	43
28	129	43
0	2	44
0	4	44
0	6	44
0	8	44
0	10	44
0	12	44
0	14	44
0	16	44
0	18	44
0	20	44
52	22	44
16	24	44
0	26	44
0	28	44
0	30	44
0	32	44
0	34	44
0	36	44
0	38	44
0	40	44
0	42	44
0	44	44
1	46	44
31	48	44
41	50	44
8	52	44
0	54	44
0	56	44
0	58	44
0	60	44
0	62	44
0	64	44
0	66	44
0	68	44
0	70	44
0	72	44
0	74	44
35	76	44
8	78	44
0	80	44
0	82	44
0	84	44
0	86	44
0	88	44
0	90	44
0	92	44
0	94	44
0	96	44
0	98	44
0	100	44
0	102	44
0	104	44
0	106	44
0	108	44
0	110	44
0	112	44
1	114	44
62	116	44
20	118	44
16	120	44
0	122	44
0	124	44
0	126	44
35	128	44
8	130	44
0	0	0
0	1	45
8	3	45
0	5	45
0	7	45
0	9	45
0	11	45
0	13	45
0	15	45
0	17	45
0	19	45
35	21	45
8	23	45
0	25	45
0	27	45
0	29	45
0	31	45
0	33	45
0	35	45
0	37	45
0	39	45
0	41	45
0	43	45
0	45	45
33	47	45
28	49	45
0	51	45
0	53	45
0	55	45
0	57	45
0	59	45
0	61	45
0	63	45
0	65	45
0	67	45
0	69	45
0	71	45
0	73	45
1	75	45
28	77	45
0	79	45
0	81	45
0	83	45
0	85	45
0	87	45
0	89	45
0	91	45
0	93	45
0	95	45
0	97	45
0	99	45
0	101	45
0	103	45
0	105	45
0	107	45
0	109	45
0	111	45
0	113	45
32	115	45
49	117	45
8	119	45
0	121	45
0	123	45
0	125	45
1	127	45
28	129	45
0	2	46
0	4	46
0	6	46
0	8	46
0	10	46
0	12	46
0	14	46
0	16	46
0	18	46
1	20	46
28	22	46
0	24	46
0	26	46
0	28	46
0	30	46
0	32	46
0	34	46
0	36	46
0	38	46
0	40	46
2	42	46
6	44	46
4	46	46
35	48	46
8	50	46
0	52	46
0	54	46
0	56	46
0	58	46
0	60	46
0	62	46
0	64	46
0	66	46
0	68	46
0	70	46
0	72	46
0	74	46
35	76	46
8	78	46
0	80	46
0	82	46
0	84	46
0	86	46
0	88	46
0	90	46
0	92	46
0	94	46
0	96	46
0	98	46
0	100	46
0	102	46
0	104	46
0	106	46
0	108	46
0	110	46
0	112	46
0	114	46
0	116	46
0	118	46
0	120	46
0	122	46
0	124	46
1	126	46
43	128	46
8	130	46
0	0	0
0	1	47
0	3	47
0	5	47
0	7	47
0	9	47
0	11	47
0	13	47
0	15	47
0	17	47
0	19	47
35	21	47
8	23	47
0	25	47
0	27	47
0	29	47
0	31	47
0	33	47
0	35	47
0	37	47
0	39	47
0	41	47
53	43	47
62	45	47
1	47	47
30	49	47
4	51	47
0	53	47
0	55	47
0	57	47
0	59	47
0	61	47
0	63	47
0	65	47
0	67	47
0	69	47
0	71	47
0	73	47
1	75	47
28	77	47
0	79	47
0	81	47
0	83	47
0	85	47
0	87	47
0	89	47
0	91	47
0	93	47
0	95	47
0	97	47
0	99	47
0	101	47
0	103	47
0	105	47
0	107	47
0	109	47
0	111	47
0	113	47
0	115	47
0	117	47
0	119	47
0	121	47
0	123	47
0	125	47
1	127	47
28	129	47
0	2	48
0	4	48
0	6	48
0	8	48
0	10	48
0	12	48
0	14	48
0	16	48
0	18	48
3	20	48
24	22	48
0	24	48
0	26	48
0	28	48
0	30	48
0	32	48
0	34	48
0	36	48
0	38	48
0	40	48
32	42	48
32	44	48
16	46	48
32	48	48
51	50	48
8	52	48
0	54	48
0	56	48
0	58	48
0	60	48
0	62	48
0	64	48
0	66	48
0	68	48
0	70	48
0	72	48
0	74	48
35	76	48
10	78	48
4	80	48
0	82	48
0	84	48
0	86	48
0	88	48
0	90	48
0	92	48
0	94	48
0	96	48
0	98	48
0	100	48
0	102	48
0	104	48
0	106	48
0	108	48
0	110	48
0	112	48
2	114	48
1	116	48
8	118	48
0	120	48
0	122	48
0	124	48
0	126	48
35	128	48
8	130	48
0	0	0
0	1	49
0	3	49
0	5	49
0	7	49
0	9	49
0	11	49
0	13	49
0	15	49
0	17	49
1	19	49
26	21	49
0	23	49
0	25	49
0	27	49
0	29	49
0	31	49
0	33	49
0	35	49
0	37	49
0	39	49
0	41	49
0	43	49
0	45	49
0	47	49
1	49	49
28	51	49
0	53	49
0	55	49
0	57	49
0	59	49
0	61	49
0	63	49
0	65	49
0	67	49
0	69	49
0	71	49
0	73	49
1	75	49
31	77	49
59	79	49
12	81	49
0	83	49
0	85	49
0	87	49
0	89	49
0	91	49
0	93	49
0	95	49
0	97	49
0	99	49
0	101	49
0	103	49
0	105	49
0	107	49
0	109	49
0	111	49
0	113	49
20	115	49
0	117	49
0	119	49
0	121	49
0	123	49
0	125	49
1	127	49
28	129	49
0	2	50
0	4	50
0	6	50
0	8	50
0	10	50
0	12	50
0	14	50
0	16	50
0	18	50
1	20	50
24	22	50
0	24	50
0	26	50
0	28	50
0	30	50
0	32	50
0	34	50
0	36	50
0	38	50
0	40	50
0	42	50
0	44	50
0	46	50
0	48	50
33	50	50
12	52	50
0	54	50
0	56	50
0	58	50
0	60	50
0	62	50
0	64	50
0	66	50
0	68	50
0	70	50
0	72	50
0	74	50
33	76	50
29	78	50
63	80	50
12	82	50
0	84	50
0	86	50
0	88	50
0	90	50
0	92	50
0	94	50
0	96	50
0	98	50
0	100	50
0	102	50
0	104	50
0	106	50
0	108	50
0	110	50
0	112	50
35	114	50
8	116	50
0	118	50
0	120	50
0	122	50
0	124	50
0	126	50
35	128	50
8	130	50
0	0	0
0	1	51
0	3	51
0	5	51
0	7	51
0	9	51
0	11	51
0	13	51
0	15	51
0	17	51
0	19	51
0	21	51
0	23	51
0	25	51
0	27	51
0	29	51
0	31	51
0	33	51
0	35	51
0	37	51
0	39	51
0	41	51
0	43	51
0	45	51
0	47	51
0	49	51
33	51	51
12	53	51
0	55	51
0	57	51
0	59	51
0	61	51
0	63	51
0	65	51
0	67	51
0	69	51
0	71	51
0	73	51
0	75	51
33	77	51
45	79	51
56	81	51
0	83	51
0	85	51
0	87	51
0	89	51
0	91	51
0	93	51
0	95	51
0	97	51
0	99	51
0	101	51
0	103	51
0	105	51
0	107	51
0	109	51
0	111	51
1	113	51
28	115	51
0	117	51
0	119	51
0	121	51
0	123	51
0	125	51
3	127	51
24	129	51
0	2	52
0	4	52
0	6	52
0	8	52
0	10	52
0	12	52
0	14	52
0	16	52
3	18	52
8	20	52
0	22	52
0	24	52
0	26	52
0	28	52
0	30	52
0	32	52
0	34	52
0	36	52
0	38	52
0	40	52
0	42	52
0	44	52
0	46	52
0	48	52
2	50	52
39	52	52
8	54	52
0	56	52
0	58	52
0	60	52
0	62	52
0	64	52
0	66	52
0	68	52
0	70	52
0	72	52
0	74	52
0	76	52
33	78	52
14	80	52
0	82	52
0	84	52
0	86	52
0	88	52
0	90	52
0	92	52
0	94	52
0	96	52
0	98	52
0	100	52
0	102	52
0	104	52
0	106	52
0	108	52
0	110	52
0	112	52
35	114	52
8	116	52
0	118	52
0	120	52
0	122	52
0	124	52
3	126	52
24	128	52
0	130	52
0	0	0
0	1	53
0	3	53
0	5	53
0	7	53
0	9	53
0	11	53
0	13	53
0	15	53
0	17	53
16	19	53
0	21	53
0	23	53
0	25	53
0	27	53
0	29	53
0	31	53
0	33	53
0	35	53
0	37	53
0	39	53
0	41	53
0	43	53
0	45	53
0	47	53
1	49	53
60	51	53
16	53	53
0	55	53
0	57	53
0	59	53
0	61	53
0	63	53
0	65	53
0	67	53
0	69	53
0	71	53
0	73	53
0	75	53
0	77	53
33	79	53
31	81	53
12	83	53
0	85	53
0	87	53
0	89	53
0	91	53
0	93	53
0	95	53
2	97	53
4	99	53
0	101	53
0	103	53
0	105	53
0	107	53
0	109	53
0	111	53
1	113	53
28	115	53
0	117	53
0	119	53
0	121	53
0	123	53
3	125	53
24	127	53
0	129	53
0	2	54
0	4	54
0	6	54
0	8	54
0	10	54
0	12	54
0	14	54
0	16	54
3	18	54
8	20	54
0	22	54
0	24	54
0	26	54
0	28	54
0	30	54
0	32	54
0	34	54
0	36	54
0	38	54
0	40	54
0	42	54
0	44	54
0	46	54
0	48	54
35	50	54
8	52	54
0	54	54
0	56	54
0	58	54
0	60	54
0	62	54
0	64	54
0	66	54
0	68	54
0	70	54
0	72	54
0	74	54
0	76	54
0	78	54
32	80	54
51	82	54
12	84	54
0	86	54
0	88	54
0	90	54
0	92	54
0	94	54
1	96	54
63	98	54
8	100	54
0	102	54
0	104	54
0	106	54
0	108	54
0	110	54
1	112	54
45	114	54
12	116	54
0	118	54
0	120	54
0	122	54
1	124	54
28	126	54
0	128	54
0	130	54
0	0	0
0	1	55
0	3	55
0	5	55
0	7	55
0	9	55
0	11	55
0	13	55
0	15	55
1	17	55
28	19	55
0	21	55
0	23	55
0	25	55
0	27	55
0	29	55
0	31	55
0	33	55
0	35	55
0	37	55
0	39	55
0	41	55
0	43	55
0	45	55
0	47	55
1	49	55
28	51	55
0	53	55
0	55	55
0	57	55
0	59	55
0	61	55
0	63	55
0	65	55
0	67	55
0	69	55
0	71	55
0	73	55
0	75	55
0	77	55
0	79	55
1	81	55
57	83	55
14	85	55
4	87	55
0	89	55
0	91	55
0	93	55
0	95	55
32	97	55
16	99	55
0	101	55
0	103	55
0	105	55
0	107	55
0	109	55
0	111	55
33	113	55
40	115	55
0	117	55
0	119	55
0	121	55
0	123	55
35	125	55
8	127	55
0	129	55
0	2	56
0	4	56
0	6	56
0	8	56
0	10	56
0	12	56
0	14	56
0	16	56
33	18	56
12	20	56
0	22	56
0	24	56
0	26	56
0	28	56
0	30	56
0	32	56
0	34	56
0	36	56
0	38	56
0	40	56
0	42	56
0	44	56
1	46	56
10	48	56
39	50	56
8	52	56
0	54	56
0	56	56
0	58	56
0	60	56
0	62	56
0	64	56
0	66	56
0	68	56
0	70	56
0	72	56
0	74	56
0	76	56
0	78	56
0	80	56
0	82	56
32	84	56
49	86	56
12	88	56
0	90	56
0	92	56
0	94	56
0	96	56
0	98	56
0	100	56
0	102	56
0	104	56
0	106	56
0	108	56
0	110	56
0	112	56
0	114	56
0	116	56
0	118	56
0	120	56
0	122	56
1	124	56
28	126	56
0	128	56
0	130	56
0	0	0
0	1	57
0	3	57
0	5	57
0	7	57
0	9	57
0	11	57
0	13	57
0	15	57
0	17	57
35	19	57
8	21	57
0	23	57
0	25	57
0	27	57
0	29	57
0	31	57
0	33	57
0	35	57
0	37	57
0	39	57
0	41	57
0	43	57
0	45	57
3	47	57
60	49	57
16	51	57
0	53	57
0	55	57
0	57	57
0	59	57
0	61	57
0	63	57
0	65	57
0	67	57
0	69	57
0	71	57
0	73	57
0	75	57
0	77	57
0	79	57
0	81	57
0	83	57
0	85	57
35	87	57
8	89	57
0	91	57
0	93	57
0	95	57
0	97	57
0	99	57
0	101	57
0	103	57
0	105	57
0	107	57
0	109	57
0	111	57
0	113	57
0	115	57
0	117	57
0	119	57
0	121	57
0	123	57
33	125	57
12	127	57
0	129	57
0	2	58
0	4	58
0	6	58
0	8	58
0	10	58
0	12	58
0	14	58
0	16	58
1	18	58
24	20	58
0	22	58
0	24	58
0	26	58
0	28	58
0	30	58
0	32	58
0	34	58
0	36	58
0	38	58
0	40	58
0	42	58
0	44	58
1	46	58
63	48	58
8	50	58
0	52	58
0	54	58
0	56	58
0	58	58
0	60	58
0	62	58
0	64	58
0	66	58
0	68	58
0	70	58
0	72	58
0	74	58
0	76	58
0	78	58
0	80	58
0	82	58
0	84	58
1	86	58
30	88	58
4	90	58
0	92	58
0	94	58
0	96	58
0	98	58
0	100	58
0	102	58
0	104	58
0	106	58
0	108	58
0	110	58
0	112	58
0	114	58
0	116	58
0	118	58
0	120	58
0	122	58
2	124	58
39	126	58
8	128	58
0	130	58
0	0	0
0	1	59
1	3	59
8	5	59
0	7	59
0	9	59
0	11	59
0	13	59
0	15	59
0	17	59
0	19	59
0	21	59
0	23	59
0	25	59
0	27	59
0	29	59
0	31	59
0	33	59
0	35	59
0	37	59
0	39	59
0	41	59
0	43	59
0	45	59
33	47	59
28	49	59
0	51	59
0	53	59
0	55	59
0	57	59
0	59	59
0	61	59
0	63	59
0	65	59
0	67	59
0	69	59
0	71	59
0	73	59
0	75	59
0	77	59
2	79	59
4	81	59
0	83	59
2	85	59
36	87	59
53	89	59
12	91	59
0	93	59
0	95	59
0	97	59
0	99	59
0	101	59
0	103	59
0	105	59
0	107	59
0	109	59
0	111	59
0	113	59
0	115	59
0	117	59
0	119	59
0	121	59
1	123	59
60	125	59
16	127	59
0	129	59
0	2	60
0	4	60
0	6	60
0	8	60
0	10	60
0	12	60
0	14	60
0	16	60
1	18	60
12	20	60
0	22	60
0	24	60
0	26	60
0	28	60
0	30	60
0	32	60
0	34	60
0	36	60
0	38	60
0	40	60
0	42	60
0	44	60
2	46	60
39	48	60
8	50	60
0	52	60
0	54	60
0	56	60
0	58	60
0	60	60
0	62	60
0	64	60
0	66	60
2	68	60
0	70	60
2	72	60
6	74	60
6	76	60
3	78	60
56	80	60
2	82	60
0	84	60
49	86	60
44	88	60
33	90	60
12	92	60
0	94	60
0	96	60
0	98	60
0	100	60
0	102	60
0	104	60
0	106	60
0	108	60
0	110	60
0	112	60
0	114	60
0	116	60
0	118	60
0	120	60
0	122	60
35	124	60
8	126	60
0	128	60
0	130	60
0	0	0
0	1	61
8	3	61
0	5	61
0	7	61
0	9	61
0	11	61
0	13	61
0	15	61
0	17	61
35	19	61
8	21	61
0	23	61
0	25	61
0	27	61
0	29	61
0	31	61
0	33	61
0	35	61
0	37	61
0	39	61
0	41	61
0	43	61
1	45	61
60	47	61
16	49	61
0	51	61
0	53	61
0	55	61
0	57	61
0	59	61
0	61	61
0	63	61
2	65	61
2	67	61
22	69	61
7	71	61
56	73	61
48	75	61
16	77	61
16	79	61
0	81	61
16	83	61
1	85	61
44	87	61
0	89	61
35	91	61
8	93	61
5	95	61
8	97	61
0	99	61
0	101	61
0	103	61
0	105	61
0	107	61
0	109	61
0	111	61
0	113	61
0	115	61
0	117	61
0	119	61
0	121	61
3	123	61
24	125	61
0	127	61
0	129	61
0	2	62
12	4	62
0	6	62
0	8	62
0	10	62
0	12	62
0	14	62
0	16	62
1	18	62
24	20	62
0	22	62
0	24	62
0	26	62
0	28	62
0	30	62
0	32	62
0	34	62
0	36	62
0	38	62
4	40	62
0	42	62
0	44	62
35	46	62
8	48	62
0	50	62
0	52	62
0	54	62
0	56	62
0	58	62
0	60	62
0	62	62
3	64	62
31	66	62
56	68	62
48	70	62
16	72	62
0	74	62
0	76	62
0	78	62
0	80	62
0	82	62
0	84	62
32	86	62
4	88	62
1	90	62
28	92	62
32	94	62
0	96	62
0	98	62
0	100	62
0	102	62
0	104	62
0	106	62
0	108	62
0	110	62
0	112	62
0	114	62
0	116	62
0	118	62
0	120	62
3	122	62
24	124	62
0	126	62
0	128	62
0	130	62
0	0	0
0	1	63
33	3	63
12	5	63
0	7	63
0	9	63
0	11	63
0	13	63
0	15	63
1	17	63
12	19	63
0	21	63
0	23	63
0	25	63
0	27	63
0	29	63
0	31	63
0	33	63
0	35	63
0	37	63
32	39	63
0	41	63
0	43	63
3	45	63
24	47	63
0	49	63
0	51	63
0	53	63
0	55	63
0	57	63
0	59	63
0	61	63
1	63	63
56	65	63
16	67	63
0	69	63
0	71	63
0	73	63
0	75	63
0	77	63
0	79	63
0	81	63
0	83	63
0	85	63
35	87	63
8	89	63
35	91	63
8	93	63
0	95	63
0	97	63
0	99	63
0	101	63
0	103	63
0	105	63
0	107	63
0	109	63
0	111	63
0	113	63
0	115	63
0	117	63
0	119	63
1	121	63
30	123	63
4	125	63
0	127	63
0	129	63
0	2	64
33	4	64
8	6	64
0	8	64
0	10	64
0	12	64
0	14	64
0	16	64
33	18	64
12	20	64
0	22	64
0	24	64
0	26	64
0	28	64
0	30	64
0	32	64
0	34	64
2	36	64
4	38	64
0	40	64
0	42	64
3	44	64
28	46	64
0	48	64
0	50	64
0	52	64
0	54	64
0	56	64
0	58	64
0	60	64
0	62	64
0	64	64
0	66	64
0	68	64
0	70	64
0	72	64
0	74	64
0	76	64
0	78	64
0	80	64
0	82	64
0	84	64
0	86	64
16	88	64
1	90	64
28	92	64
0	94	64
0	96	64
0	98	64
0	100	64
0	102	64
0	104	64
0	106	64
0	108	64
0	110	64
0	112	64
0	114	64
0	116	64
0	118	64
0	120	64
35	122	64
59	124	64
8	126	64
0	128	64
0	130	64
0	0	0
0	1	65
0	3	65
0	5	65
0	7	65
0	9	65
0	11	65
0	13	65
0	15	65
0	17	65
33	19	65
12	21	65
0	23	65
0	25	65
0	27	65
0	29	65
0	31	65
0	33	65
0	35	65
55	37	65
8	39	65
0	41	65
3	43	65
56	45	65
0	47	65
0	49	65
0	51	65
0	53	65
0	55	65
0	57	65
0	59	65
0	61	65
3	63	65
8	65	65
0	67	65
0	69	65
0	71	65
0	73	65
0	75	65
0	77	65
0	79	65
0	81	65
0	83	65
0	85	65
1	87	65
8	89	65
33	91	65
14	93	65
4	95	65
0	97	65
0	99	65
0	101	65
0	103	65
0	105	65
0	107	65
0	109	65
0	111	65
0	113	65
0	115	65
0	117	65
0	119	65
3	121	65
25	123	65
28	125	65
0	127	65
0	129	65
0	2	66
0	4	66
0	6	66
0	8	66
0	10	66
0	12	66
0	14	66
0	16	66
0	18	66
35	20	66
8	22	66
0	24	66
0	26	66
0	28	66
0	30	66
0	32	66
0	34	66
32	36	66
16	38	66
0	40	66
0	42	66
16	44	66
0	46	66
0	48	66
0	50	66
0	52	66
0	54	66
0	56	66
0	58	66
0	60	66
3	62	66
24	64	66
0	66	66
0	68	66
0	70	66
0	72	66
0	74	66
0	76	66
0	78	66
0	80	66
0	82	66
0	84	66
1	86	66
12	88	66
0	90	66
34	92	66
55	94	66
8	96	66
1	98	66
8	100	66
0	102	66
0	104	66
0	106	66
0	108	66
0	110	66
0	112	66
0	114	66
0	116	66
0	118	66
1	120	66
28	122	66
35	124	66
8	126	66
0	128	66
0	130	66
0	0	0
0	1	67
0	3	67
0	5	67
0	7	67
0	9	67
0	11	67
0	13	67
0	15	67
0	17	67
1	19	67
28	21	67
0	23	67
0	25	67
2	27	67
0	29	67
0	31	67
0	33	67
0	35	67
0	37	67
0	39	67
1	41	67
12	43	67
0	45	67
0	47	67
0	49	67
0	51	67
0	53	67
0	55	67
0	57	67
2	59	67
5	61	67
24	63	67
0	65	67
0	67	67
0	69	67
0	71	67
0	73	67
0	75	67
0	77	67
0	79	67
0	81	67
0	83	67
0	85	67
35	87	67
8	89	67
3	91	67
56	93	67
16	95	67
0	97	67
0	99	67
0	101	67
0	103	67
0	105	67
0	107	67
0	109	67
0	111	67
0	113	67
0	115	67
0	117	67
0	119	67
35	121	67
11	123	67
28	125	67
0	127	67
0	129	67
0	2	68
0	4	68
0	6	68
0	8	68
0	10	68
0	12	68
0	14	68
0	16	68
0	18	68
33	20	68
12	22	68
0	24	68
0	26	68
20	28	68
0	30	68
0	32	68
0	34	68
0	36	68
0	38	68
0	40	68
35	42	68
8	44	68
0	46	68
0	48	68
0	50	68
0	52	68
0	54	68
0	56	68
3	58	68
56	60	68
0	62	68
0	64	68
0	66	68
0	68	68
0	70	68
0	72	68
0	74	68
0	76	68
0	78	68
0	80	68
0	82	68
0	84	68
1	86	68
24	88	68
1	90	68
28	92	68
0	94	68
0	96	68
0	98	68
4	100	68
0	102	68
0	104	68
0	106	68
0	108	68
0	110	68
0	112	68
0	114	68
0	116	68
0	118	68
1	120	68
29	122	68
63	124	68
8	126	68
0	128	68
0	130	68
0	0	0
0	1	69
0	3	69
0	5	69
1	7	69
8	9	69
0	11	69
0	13	69
0	15	69
0	17	69
0	19	69
35	21	69
8	23	69
0	25	69
32	27	69
0	29	69
0	31	69
0	33	69
0	35	69
0	37	69
0	39	69
1	41	69
28	43	69
0	45	69
0	47	69
0	49	69
0	51	69
0	53	69
0	55	69
3	57	69
24	59	69
0	61	69
0	63	69
0	65	69
0	67	69
0	69	69
0	71	69
0	73	69
0	75	69
0	77	69
0	79	69
0	81	69
0	83	69
0	85	69
1	87	69
8	89	69
35	91	69
8	93	69
0	95	69
0	97	69
35	99	69
8	101	69
0	103	69
0	105	69
0	107	69
0	109	69
0	111	69
0	113	69
0	115	69
0	117	69
0	119	69
35	121	69
43	123	69
24	125	69
0	127	69
0	129	69
0	2	70
0	4	70
0	6	70
1	8	70
12	10	70
0	12	70
0	14	70
0	16	70
0	18	70
1	20	70
28	22	70
0	24	70
0	26	70
0	28	70
0	30	70
0	32	70
0	34	70
0	36	70
0	38	70
0	40	70
32	42	70
0	44	70
0	46	70
0	48	70
0	50	70
0	52	70
0	54	70
3	56	70
24	58	70
0	60	70
0	62	70
0	64	70
0	66	70
0	68	70
0	70	70
0	72	70
0	74	70
0	76	70
0	78	70
0	80	70
0	82	70
0	84	70
1	86	70
8	88	70
3	90	70
24	92	70
0	94	70
0	96	70
0	98	70
16	100	70
0	102	70
0	104	70
0	106	70
0	108	70
0	110	70
0	112	70
0	114	70
0	116	70
0	118	70
3	120	70
25	122	70
28	124	70
0	126	70
0	128	70
0	130	70
0	0	0
0	1	71
0	3	71
0	5	71
0	7	71
35	9	71
8	11	71
0	13	71
0	15	71
0	17	71
0	19	71
35	21	71
8	23	71
0	25	71
0	27	71
0	29	71
0	31	71
0	33	71
0	35	71
0	37	71
0	39	71
1	41	71
8	43	71
0	45	71
0	47	71
0	49	71
0	51	71
0	53	71
1	55	71
28	57	71
0	59	71
0	61	71
0	63	71
0	65	71
0	67	71
0	69	71
0	71	71
0	73	71
0	75	71
0	77	71
0	79	71
0	81	71
0	83	71
0	85	71
0	87	71
3	89	71
24	91	71
0	93	71
0	95	71
0	97	71
0	99	71
0	101	71
0	103	71
0	105	71
0	107	71
0	109	71
0	111	71
0	113	71
0	115	71
0	117	71
3	119	71
24	121	71
39	123	71
8	125	71
0	127	71
0	129	71
0	2	72
0	4	72
0	6	72
0	8	72
20	10	72
0	12	72
0	14	72
0	16	72
0	18	72
1	20	72
28	22	72
0	24	72
0	26	72
0	28	72
0	30	72
0	32	72
0	34	72
0	36	72
0	38	72
0	40	72
0	42	72
0	44	72
0	46	72
0	48	72
0	50	72
0	52	72
0	54	72
35	56	72
8	58	72
0	60	72
0	62	72
0	64	72
0	66	72
0	68	72
0	70	72
0	72	72
0	74	72
0	76	72
0	78	72
0	80	72
0	82	72
0	84	72
0	86	72
1	88	72
28	90	72
0	92	72
0	94	72
0	96	72
0	98	72
1	100	72
8	102	72
0	104	72
0	106	72
0	108	72
0	110	72
0	112	72
0	114	72
0	116	72
3	118	72
28	120	72
35	122	72
24	124	72
0	126	72
0	128	72
0	130	72
0	0	0
0	1	73
0	3	73
0	5	73
0	7	73
35	9	73
8	11	73
0	13	73
0	15	73
0	17	73
0	19	73
35	21	73
8	23	73
0	25	73
0	27	73
0	29	73
0	31	73
0	33	73
0	35	73
0	37	73
0	39	73
0	41	73
0	43	73
0	45	73
0	47	73
0	49	73
0	51	73
0	53	73
1	55	73
28	57	73
0	59	73
0	61	73
0	63	73
0	65	73
0	67	73
0	69	73
0	71	73
0	73	73
0	75	73
0	77	73
0	79	73
0	81	73
0	83	73
0	85	73
0	87	73
35	89	73
8	91	73
0	93	73
0	95	73
2	97	73
0	99	73
0	101	73
0	103	73
0	105	73
0	107	73
0	109	73
0	111	73
0	113	73
0	115	73
1	117	73
63	119	73
9	121	73
29	123	73
8	125	73
0	127	73
0	129	73
0	2	74
0	4	74
0	6	74
1	8	74
24	10	74
0	12	74
0	14	74
0	16	74
0	18	74
3	20	74
24	22	74
0	24	74
0	26	74
0	28	74
0	30	74
0	32	74
0	34	74
0	36	74
0	38	74
0	40	74
0	42	74
0	44	74
0	46	74
0	48	74
0	50	74
0	52	74
0	54	74
33	56	74
8	58	74
0	60	74
0	62	74
0	64	74
0	66	74
0	68	74
0	70	74
0	72	74
0	74	74
0	76	74
0	78	74
0	80	74
0	82	74
0	84	74
0	86	74
3	88	74
29	90	74
8	92	74
0	94	74
1	96	74
24	98	74
4	100	74
0	102	74
0	104	74
0	106	74
0	108	74
0	110	74
0	112	74
0	114	74
0	116	74
33	118	74
24	120	74
35	122	74
8	124	74
0	126	74
0	128	74
0	130	74
0	0	0
0	1	75
0	3	75
0	5	75
0	7	75
0	9	75
0	11	75
0	13	75
0	15	75
0	17	75
1	19	75
28	21	75
0	23	75
0	25	75
0	27	75
0	29	75
0	31	75
0	33	75
0	35	75
0	37	75
0	39	75
0	41	75
0	43	75
0	45	75
0	47	75
0	49	75
0	51	75
0	53	75
1	55	75
12	57	75
0	59	75
0	61	75
0	63	75
0	65	75
0	67	75
0	69	75
0	71	75
0	73	75
0	75	75
0	77	75
0	79	75
0	81	75
0	83	75
0	85	75
1	87	75
63	89	75
8	91	75
0	93	75
0	95	75
0	97	75
32	99	75
0	101	75
0	103	75
0	105	75
0	107	75
0	109	75
0	111	75
0	113	75
0	115	75
0	117	75
1	119	75
9	121	75
28	123	75
0	125	75
0	127	75
0	129	75
0	2	76
0	4	76
0	6	76
2	8	76
0	10	76
0	12	76
0	14	76
0	16	76
0	18	76
35	20	76
8	22	76
0	24	76
0	26	76
0	28	76
0	30	76
0	32	76
0	34	76
0	36	76
0	38	76
0	40	76
0	42	76
0	44	76
0	46	76
0	48	76
0	50	76
0	52	76
0	54	76
35	56	76
8	58	76
0	60	76
0	62	76
0	64	76
0	66	76
0	68	76
0	70	76
0	72	76
0	74	76
0	76	76
0	78	76
0	80	76
0	82	76
0	84	76
0	86	76
35	88	76
24	90	76
0	92	76
2	94	76
0	96	76
0	98	76
0	100	76
0	102	76
0	104	76
0	106	76
0	108	76
0	110	76
0	112	76
0	114	76
0	116	76
0	118	76
4	120	76
39	122	76
8	124	76
0	126	76
0	128	76
0	130	76
0	0	0
0	1	77
0	3	77
0	5	77
0	7	77
16	9	77
0	11	77
0	13	77
0	15	77
0	17	77
1	19	77
28	21	77
0	23	77
0	25	77
0	27	77
0	29	77
0	31	77
0	33	77
0	35	77
0	37	77
0	39	77
0	41	77
0	43	77
0	45	77
0	47	77
0	49	77
0	51	77
0	53	77
1	55	77
28	57	77
0	59	77
0	61	77
0	63	77
0	65	77
0	67	77
0	69	77
0	71	77
0	73	77
0	75	77
0	77	77
0	79	77
0	81	77
0	83	77
0	85	77
1	87	77
28	89	77
2	91	77
5	93	77
24	95	77
1	97	77
8	99	77
0	101	77
0	103	77
0	105	77
0	107	77
0	109	77
0	111	77
0	113	77
0	115	77
0	117	77
32	119	77
33	121	77
28	123	77
0	125	77
0	127	77
0	129	77
0	2	78
0	4	78
0	6	78
0	8	78
0	10	78
0	12	78
0	14	78
0	16	78
0	18	78
33	20	78
8	22	78
0	24	78
0	26	78
0	28	78
0	30	78
0	32	78
0	34	78
0	36	78
0	38	78
0	40	78
0	42	78
0	44	78
0	46	78
0	48	78
0	50	78
0	52	78
0	54	78
33	56	78
12	58	78
0	60	78
0	62	78
0	64	78
0	66	78
0	68	78
0	70	78
0	72	78
0	74	78
0	76	78
0	78	78
0	80	78
0	82	78
0	84	78
0	86	78
35	88	78
9	90	78
61	92	78
12	94	78
0	96	78
0	98	78
0	100	78
0	102	78
0	104	78
0	106	78
0	108	78
0	110	78
0	112	78
0	114	78
2	116	78
0	118	78
0	120	78
33	122	78
12	124	78
0	126	78
0	128	78
0	130	78
0	0	0
0	1	79
0	3	79
0	5	79
0	7	79
0	9	79
0	11	79
0	13	79
0	15	79
0	17	79
0	19	79
0	21	79
0	23	79
0	25	79
4	27	79
0	29	79
0	31	79
0	33	79
0	35	79
0	37	79
0	39	79
0	41	79
0	43	79
0	45	79
0	47	79
0	49	79
0	51	79
0	53	79
0	55	79
35	57	79
8	59	79
0	61	79
0	63	79
0	65	79
0	67	79
0	69	79
0	71	79
0	73	79
0	75	79
0	77	79
0	79	79
0	81	79
0	83	79
0	85	79
1	87	79
28	89	79
33	91	79
45	93	79
12	95	79
0	97	79
0	99	79
0	101	79
0	103	79
0	105	79
0	107	79
0	109	79
0	111	79
0	113	79
1	115	79
24	117	79
0	119	79
0	121	79
35	123	79
8	125	79
0	127	79
0	129	79
0	2	80
0	4	80
0	6	80
1	8	80
12	10	80
0	12	80
0	14	80
0	16	80
0	18	80
3	20	80
8	22	80
1	24	80
40	26	80
0	28	80
0	30	80
0	32	80
0	34	80
0	36	80
0	38	80
0	40	80
0	42	80
0	44	80
0	46	80
0	48	80
0	50	80
0	52	80
0	54	80
3	56	80
24	58	80
0	60	80
0	62	80
0	64	80
0	66	80
0	68	80
0	70	80
0	72	80
0	74	80
0	76	80
0	78	80
0	80	80
0	82	80
0	84	80
0	86	80
35	88	80
8	90	80
33	92	80
45	94	80
12	96	80
0	98	80
0	100	80
0	102	80
0	104	80
0	106	80
0	108	80
0	110	80
0	112	80
0	114	80
0	116	80
0	118	80
0	120	80
1	122	80
28	124	80
0	126	80
0	128	80
0	130	80
0	0	0
0	1	81
0	3	81
0	5	81
0	7	81
32	9	81
0	11	81
0	13	81
0	15	81
0	17	81
1	19	81
28	21	81
0	23	81
0	25	81
0	27	81
0	29	81
0	31	81
0	33	81
0	35	81
0	37	81
0	39	81
0	41	81
0	43	81
0	45	81
0	47	81
0	49	81
0	51	81
0	53	81
1	55	81
28	57	81
0	59	81
0	61	81
0	63	81
0	65	81
0	67	81
0	69	81
0	71	81
0	73	81
0	75	81
0	77	81
0	79	81
0	81	81
0	83	81
0	85	81
3	87	81
24	89	81
0	91	81
35	93	81
43	95	81
12	97	81
0	99	81
0	101	81
0	103	81
0	105	81
0	107	81
0	109	81
0	111	81
0	113	81
0	115	81
0	117	81
0	119	81
0	121	81
35	123	81
8	125	81
0	127	81
0	129	81
0	2	82
0	4	82
0	6	82
0	8	82
1	10	82
8	12	82
0	14	82
0	16	82
2	18	82
32	20	82
0	22	82
0	24	82
0	26	82
0	28	82
0	30	82
0	32	82
0	34	82
0	36	82
0	38	82
0	40	82
0	42	82
0	44	82
0	46	82
0	48	82
0	50	82
0	52	82
0	54	82
35	56	82
8	58	82
0	60	82
0	62	82
0	64	82
0	66	82
0	68	82
0	70	82
0	72	82
0	74	82
0	76	82
0	78	82
0	80	82
0	82	82
0	84	82
1	86	82
28	88	82
0	90	82
1	92	82
31	94	82
63	96	82
8	98	82
0	100	82
0	102	82
0	104	82
0	106	82
0	108	82
0	110	82
0	112	82
0	114	82
0	116	82
0	118	82
0	120	82
1	122	82
28	124	82
0	126	82
0	128	82
0	130	82
0	0	0
0	1	83
0	3	83
0	5	83
0	7	83
0	9	83
0	11	83
0	13	83
0	15	83
1	17	83
24	19	83
0	21	83
0	23	83
0	25	83
0	27	83
0	29	83
0	31	83
0	33	83
0	35	83
0	37	83
0	39	83
0	41	83
0	43	83
0	45	83
0	47	83
0	49	83
0	51	83
0	53	83
3	55	83
24	57	83
0	59	83
0	61	83
0	63	83
0	65	83
0	67	83
0	69	83
0	71	83
0	73	83
0	75	83
0	77	83
0	79	83
0	81	83
0	83	83
0	85	83
35	87	83
8	89	83
0	91	83
33	93	83
62	95	83
20	97	83
0	99	83
0	101	83
0	103	83
0	105	83
0	107	83
0	109	83
0	111	83
0	113	83
0	115	83
0	117	83
2	119	83
0	121	83
35	123	83
8	125	83
0	127	83
0	129	83
0	2	84
0	4	84
0	6	84
0	8	84
0	10	84
4	12	84
0	14	84
0	16	84
2	18	84
0	20	84
0	22	84
0	24	84
0	26	84
0	28	84
0	30	84
0	32	84
0	34	84
0	36	84
0	38	84
0	40	84
0	42	84
4	44	84
0	46	84
0	48	84
0	50	84
0	52	84
1	54	84
28	56	84
0	58	84
0	60	84
0	62	84
0	64	84
0	66	84
0	68	84
0	70	84
0	72	84
0	74	84
0	76	84
0	78	84
0	80	84
0	82	84
0	84	84
3	86	84
27	88	84
12	90	84
0	92	84
32	94	84
51	96	84
8	98	84
0	100	84
0	102	84
0	104	84
0	106	84
0	108	84
0	110	84
0	112	84
0	114	84
0	116	84
0	118	84
16	120	84
1	122	84
28	124	84
0	126	84
0	128	84
0	130	84
0	0	0
0	1	85
0	3	85
0	5	85
0	7	85
0	9	85
32	11	85
0	13	85
0	15	85
0	17	85
16	19	85
0	21	85
0	23	85
0	25	85
0	27	85
0	29	85
0	31	85
0	33	85
0	35	85
0	37	85
0	39	85
0	41	85
32	43	85
1	45	85
8	47	85
0	49	85
0	51	85
0	53	85
35	55	85
8	57	85
0	59	85
0	61	85
0	63	85
0	65	85
0	67	85
0	69	85
0	71	85
0	73	85
0	75	85
0	77	85
0	79	85
0	81	85
0	83	85
1	85	85
28	87	85
55	89	85
12	91	85
0	93	85
1	95	85
24	97	85
0	99	85
0	101	85
0	103	85
0	105	85
0	107	85
0	109	85
0	111	85
0	113	85
0	115	85
0	117	85
0	119	85
0	121	85
33	123	85
12	125	85
0	127	85
0	129	85
0	2	86
0	4	86
0	6	86
0	8	86
2	10	86
3	12	86
8	14	86
4	16	86
0	18	86
0	20	86
0	22	86
0	24	86
0	26	86
0	28	86
0	30	86
0	32	86
0	34	86
0	36	86
0	38	86
0	40	86
0	42	86
0	44	86
4	46	86
0	48	86
0	50	86
0	52	86
3	54	86
25	56	86
8	58	86
0	60	86
0	62	86
0	64	86
0	66	86
0	68	86
0	70	86
0	72	86
0	74	86
0	76	86
0	78	86
0	80	86
0	82	86
0	84	86
35	86	86
40	88	86
51	90	86
8	92	86
0	94	86
0	96	86
1	98	86
8	100	86
0	102	86
0	104	86
0	106	86
0	108	86
0	110	86
0	112	86
0	114	86
0	116	86
0	118	86
0	120	86
0	122	86
35	124	86
8	126	86
0	128	86
0	130	86
0	0	0
0	1	87
0	3	87
0	5	87
0	7	87
1	9	87
24	11	87
16	13	87
35	15	87
8	17	87
0	19	87
0	21	87
0	23	87
0	25	87
0	27	87
0	29	87
0	31	87
0	33	87
0	35	87
0	37	87
0	39	87
0	41	87
0	43	87
33	45	87
8	47	87
0	49	87
0	51	87
1	53	87
28	55	87
0	57	87
0	59	87
0	61	87
0	63	87
0	65	87
0	67	87
0	69	87
0	71	87
0	73	87
0	75	87
0	77	87
0	79	87
0	81	87
0	83	87
1	85	87
30	87	87
4	89	87
16	91	87
0	93	87
1	95	87
9	97	87
8	99	87
0	101	87
0	103	87
0	105	87
0	107	87
0	109	87
0	111	87
0	113	87
0	115	87
0	117	87
0	119	87
0	121	87
1	123	87
28	125	87
0	127	87
0	129	87
0	2	88
0	4	88
0	6	88
0	8	88
0	10	88
0	12	88
1	14	88
28	16	88
0	18	88
0	20	88
0	22	88
0	24	88
0	26	88
0	28	88
0	30	88
0	32	88
0	34	88
0	36	88
0	38	88
0	40	88
0	42	88
0	44	88
1	46	88
8	48	88
0	50	88
0	52	88
33	54	88
8	56	88
0	58	88
0	60	88
0	62	88
0	64	88
0	66	88
0	68	88
0	70	88
0	72	88
0	74	88
0	76	88
0	78	88
0	80	88
0	82	88
0	84	88
35	86	88
59	88	88
8	90	88
0	92	88
0	94	88
1	96	88
12	98	88
1	100	88
8	102	88
0	104	88
0	106	88
0	108	88
0	110	88
0	112	88
0	114	88
0	116	88
0	118	88
0	120	88
0	122	88
35	124	88
8	126	88
0	128	88
0	130	88
0	0	0
0	1	89
0	3	89
0	5	89
0	7	89
2	9	89
1	11	89
14	13	89
39	15	89
8	17	89
0	19	89
0	21	89
0	23	89
0	25	89
0	27	89
0	29	89
0	31	89
0	33	89
0	35	89
0	37	89
0	39	89
0	41	89
0	43	89
0	45	89
0	47	89
0	49	89
4	51	89
3	53	89
11	55	89
8	57	89
0	59	89
0	61	89
0	63	89
0	65	89
0	67	89
0	69	89
0	71	89
0	73	89
0	75	89
0	77	89
0	79	89
0	81	89
0	83	89
1	85	89
31	87	89
24	89	89
0	91	89
0	93	89
0	95	89
33	97	89
12	99	89
0	101	89
0	103	89
0	105	89
0	107	89
0	109	89
0	111	89
0	113	89
0	115	89
0	117	89
0	119	89
1	121	89
9	123	89
28	125	89
0	127	89
0	129	89
0	2	90
0	4	90
0	6	90
0	8	90
16	10	90
32	12	90
48	14	90
16	16	90
0	18	90
0	20	90
0	22	90
0	24	90
0	26	90
0	28	90
0	30	90
0	32	90
0	34	90
0	36	90
0	38	90
0	40	90
0	42	90
0	44	90
0	46	90
1	48	90
47	50	90
15	52	90
24	54	90
16	56	90
0	58	90
0	60	90
0	62	90
0	64	90
0	66	90
0	68	90
0	70	90
0	72	90
0	74	90
0	76	90
0	78	90
0	80	90
0	82	90
0	84	90
35	86	90
24	88	90
0	90	90
0	92	90
0	94	90
0	96	90
33	98	90
8	100	90
0	102	90
0	104	90
0	106	90
0	108	90
0	110	90
0	112	90
0	114	90
0	116	90
0	118	90
0	120	90
0	122	90
35	124	90
8	126	90
0	128	90
0	130	90
0	0	0
0	1	91
0	3	91
0	5	91
0	7	91
0	9	91
0	11	91
0	13	91
0	15	91
0	17	91
0	19	91
0	21	91
0	23	91
0	25	91
0	27	91
0	29	91
0	31	91
0	33	91
0	35	91
0	37	91
0	39	91
0	41	91
0	43	91
0	45	91
0	47	91
33	49	91
62	51	91
20	53	91
0	55	91
0	57	91
0	59	91
0	61	91
0	63	91
0	65	91
0	67	91
0	69	91
0	71	91
0	73	91
0	75	91
0	77	91
0	79	91
0	81	91
0	83	91
3	85	91
24	87	91
0	89	91
0	91	91
0	93	91
0	95	91
0	97	91
2	99	91
0	101	91
0	103	91
0	105	91
0	107	91
0	109	91
0	111	91
0	113	91
0	115	91
0	117	91
0	119	91
0	121	91
7	123	91
28	125	91
0	127	91
0	129	91
0	2	92
0	4	92
0	6	92
1	8	92
8	10	92
0	12	92
0	14	92
0	16	92
0	18	92
0	20	92
0	22	92
0	24	92
0	26	92
0	28	92
0	30	92
0	32	92
0	34	92
0	36	92
0	38	92
0	40	92
0	42	92
0	44	92
0	46	92
0	48	92
0	50	92
1	52	92
8	54	92
0	56	92
0	58	92
0	60	92
0	62	92
0	64	92
0	66	92
0	68	92
0	70	92
0	72	92
0	74	92
0	76	92
0	78	92
0	80	92
0	82	92
1	84	92
8	86	92
0	88	92
0	90	92
0	92	92
0	94	92
0	96	92
1	98	92
8	100	92
0	102	92
0	104	92
0	106	92
0	108	92
0	110	92
0	112	92
0	114	92
0	116	92
0	118	92
0	120	92
0	122	92
1	124	92
8	126	92
0	128	92
0	130	92
0	0	0
